Cell	Sweep	Spikes
103	1	0
103	2	0
103	3	0
103	4	0
103	5	0
103	6	0
103	7	1
103	8	0
103	9	1
103	10	1
103	11	1
103	12	1
103	13	0
103	14	0
103	15	0
103	16	0
103	17	0
103	18	0
103	19	0
103	20	0
103	21	1
103	22	1
103	23	1
103	24	1
103	25	0
103	26	0
103	27	0
103	28	0
103	29	0
103	30	0
103	31	1
103	32	0
103	33	1
103	34	1
103	35	1
103	36	1
103	37	0
103	38	0
103	39	0
103	40	0
103	41	0
103	42	0
103	43	0
103	44	0
103	45	0
103	46	1
103	47	1
103	48	1
103	49	0
103	50	0
103	51	0
103	52	0
103	53	0
103	54	1
103	55	1
103	56	0
103	57	1
103	58	1
103	59	1
103	60	1
104	1	0
104	2	0
104	3	0
104	4	0
104	5	0
104	6	1
104	7	1
104	8	2
104	9	1
104	10	1
104	11	3
104	12	1
104	13	0
104	14	0
104	15	0
104	16	0
104	17	0
104	18	1
104	19	1
104	20	1
104	21	1
104	22	2
104	23	1
104	24	1
104	25	0
104	26	0
104	27	0
104	28	0
104	29	0
104	30	1
104	31	1
104	32	1
104	33	1
104	34	1
104	35	2
104	36	1
104	37	0
104	38	0
104	39	0
104	40	0
104	41	0
104	42	1
104	43	1
104	44	2
104	45	1
104	46	1
104	47	2
104	48	1
104	49	0
104	50	0
104	51	0
104	52	0
104	53	0
104	54	1
104	55	1
104	56	1
104	57	1
104	58	1
104	59	1
104	60	2
105	1	0
105	2	0
105	3	1
105	4	1
105	5	0
105	6	1
105	7	1
105	8	1
105	9	1
105	10	1
105	11	1
105	12	1
105	13	0
105	14	0
105	15	1
105	16	1
105	17	0
105	18	1
105	19	1
105	20	1
105	21	1
105	22	1
105	23	1
105	24	1
105	25	0
105	26	0
105	27	1
105	28	1
105	29	0
105	30	1
105	31	1
105	32	1
105	33	1
105	34	1
105	35	1
105	36	1
105	37	0
105	38	0
105	39	0
105	40	0
105	41	0
105	42	1
105	43	1
105	44	1
105	45	1
105	46	1
105	47	1
105	48	1
105	49	0
105	50	0
105	51	1
105	52	0
105	53	0
105	54	1
105	55	1
105	56	1
105	57	1
105	58	1
105	59	1
105	60	1
107	1	0
107	2	0
107	3	0
107	4	1
107	5	0
107	6	1
107	7	1
107	8	1
107	9	1
107	10	1
107	11	1
107	12	1
107	13	0
107	14	0
107	15	1
107	16	1
107	17	0
107	18	1
107	19	2
107	20	1
107	21	1
107	22	1
107	23	1
107	24	0
107	25	0
107	26	0
107	27	1
107	28	1
107	29	0
107	30	1
107	31	1
107	32	1
107	33	1
107	34	1
107	35	0
107	36	0
107	37	0
107	38	0
107	39	1
107	40	1
107	41	0
107	42	1
107	43	1
107	44	0
107	45	1
107	46	1
107	47	0
107	48	1
107	49	0
107	50	0
107	51	1
107	52	1
107	53	0
107	54	1
107	55	1
107	56	1
107	57	1
107	58	1
107	59	0
107	60	0
108	1	0
108	2	0
108	3	0
108	4	0
108	5	0
108	6	0
108	7	1
108	8	0
108	9	0
108	10	0
108	11	1
108	12	1
108	13	0
108	14	0
108	15	0
108	16	0
108	17	0
108	18	0
108	19	0
108	20	0
108	21	0
108	22	0
108	23	1
108	24	1
108	25	0
108	26	0
108	27	0
108	28	0
108	29	0
108	30	0
108	31	0
108	32	0
108	33	0
108	34	1
108	35	1
108	36	1
108	37	0
108	38	0
108	39	0
108	40	0
108	41	0
108	42	0
108	43	0
108	44	0
108	45	0
108	46	1
108	47	1
108	48	0
108	49	0
108	50	0
108	51	0
108	52	0
108	53	0
108	54	0
108	55	0
108	56	0
108	57	0
108	58	1
108	59	1
108	60	1
109	1	0
109	2	0
109	3	0
109	4	0
109	5	0
109	6	0
109	7	1
109	8	0
109	9	1
109	10	1
109	11	1
109	12	1
109	13	0
109	14	0
109	15	0
109	16	0
109	17	0
109	18	0
109	19	0
109	20	0
109	21	1
109	22	0
109	23	0
109	24	0
109	25	0
109	26	0
109	27	0
109	28	0
109	29	1
109	30	1
109	31	0
109	32	0
109	33	1
109	34	1
109	35	1
109	36	0
109	37	0
109	38	0
109	39	0
109	40	0
109	41	0
109	42	0
109	43	0
109	44	0
109	45	1
109	46	1
109	47	1
109	48	0
109	49	0
109	50	0
109	51	0
109	52	0
109	53	0
109	54	1
109	55	0
109	56	0
109	57	1
109	58	1
109	59	1
109	60	1
110	1	0
110	2	0
110	3	0
110	4	0
110	5	0
110	6	0
110	7	0
110	8	0
110	9	1
110	10	1
110	11	1
110	12	1
110	13	0
110	14	0
110	15	0
110	16	0
110	17	0
110	18	0
110	19	0
110	20	0
110	21	1
110	22	1
110	23	1
110	24	0
110	25	0
110	26	0
110	27	0
110	28	0
110	29	0
110	30	0
110	31	0
110	32	0
110	33	1
110	34	1
110	35	1
110	36	1
110	37	0
110	38	0
110	39	0
110	40	0
110	41	0
110	42	1
110	43	0
110	44	0
110	45	1
110	46	1
110	47	1
110	48	1
110	49	0
110	50	0
110	51	0
110	52	0
110	53	0
110	54	1
110	55	1
110	56	0
110	57	1
110	58	1
110	59	1
110	60	0
111	1	0
111	2	0
111	3	0
111	4	0
111	5	0
111	6	0
111	7	1
111	8	0
111	9	1
111	10	1
111	11	1
111	12	1
111	13	0
111	14	0
111	15	0
111	16	0
111	17	0
111	18	0
111	19	0
111	20	0
111	21	1
111	22	1
111	23	1
111	24	0
111	25	0
111	26	0
111	27	0
111	28	0
111	29	0
111	30	0
111	31	0
111	32	0
111	33	1
111	34	1
111	35	1
111	36	0
111	37	0
111	38	0
111	39	0
111	40	0
111	41	0
111	42	0
111	43	0
111	44	0
111	45	1
111	46	1
111	47	1
111	48	1
111	49	0
111	50	0
111	51	0
111	52	0
111	53	0
111	54	1
111	55	0
111	56	0
111	57	1
111	58	1
111	59	1
111	60	0
112	1	0
112	2	0
112	3	0
112	4	0
112	5	0
112	6	0
112	7	0
112	8	0
112	9	0
112	10	0
112	11	0
112	12	0
112	13	0
112	14	0
112	15	0
112	16	0
112	17	0
112	18	0
112	19	0
112	20	0
112	21	0
112	22	0
112	23	0
112	24	0
112	25	0
112	26	0
112	27	0
112	28	0
112	29	0
112	30	0
112	31	0
112	32	0
112	33	0
112	34	0
112	35	0
112	36	0
112	37	0
112	38	0
112	39	0
112	40	0
112	41	0
112	42	0
112	43	0
112	44	0
112	45	0
112	46	1
112	47	0
112	48	0
112	49	0
112	50	0
112	51	0
112	52	0
112	53	0
112	54	0
112	55	0
112	56	0
112	57	1
112	58	1
112	59	0
112	60	0
113	1	0
113	2	0
113	3	0
113	4	0
113	5	0
113	6	0
113	7	1
113	8	1
113	9	0
113	10	1
113	11	1
113	12	1
113	13	0
113	14	0
113	15	0
113	16	0
113	17	0
113	18	1
113	19	1
113	20	1
113	21	1
113	22	1
113	23	1
113	24	1
113	25	0
113	26	0
113	27	0
113	28	0
113	29	0
113	30	0
113	31	1
113	32	1
113	33	1
113	34	1
113	35	1
113	36	1
113	37	0
113	38	0
113	39	0
113	40	0
113	41	0
113	42	1
113	43	1
113	44	0
113	45	1
113	46	1
113	47	1
113	48	1
113	49	0
113	50	0
113	51	0
113	52	0
113	53	0
113	54	0
113	55	0
113	56	1
113	57	1
113	58	1
113	59	1
113	60	1
114	1	0
114	2	0
114	3	0
114	4	0
114	5	0
114	6	0
114	7	0
114	8	0
114	9	0
114	10	0
114	11	1
114	12	0
114	13	0
114	14	0
114	15	0
114	16	0
114	17	0
114	18	0
114	19	0
114	20	0
114	21	0
114	22	0
114	23	0
114	24	0
114	25	0
114	26	0
114	27	0
114	28	0
114	29	0
114	30	0
114	31	0
114	32	0
114	33	0
114	34	0
114	35	0
114	36	0
114	37	0
114	38	0
114	39	0
114	40	0
114	41	0
114	42	0
114	43	0
114	44	0
114	45	0
114	46	0
114	47	1
114	48	0
114	49	0
114	50	0
114	51	0
114	52	0
114	53	0
114	54	0
114	55	0
114	56	0
114	57	0
114	58	0
114	59	0
114	60	0
115	1	0
115	2	0
115	3	0
115	4	0
115	5	0
115	6	0
115	7	0
115	8	0
115	9	0
115	10	1
115	11	1
115	12	0
115	13	0
115	14	0
115	15	0
115	16	0
115	17	0
115	18	0
115	19	0
115	20	0
115	21	0
115	22	1
115	23	1
115	24	0
115	25	0
115	26	0
115	27	0
115	28	0
115	29	0
115	30	0
115	31	0
115	32	0
115	33	0
115	34	1
115	35	0
115	36	0
115	37	0
115	38	0
115	39	0
115	40	0
115	41	0
115	42	0
115	43	0
115	44	0
115	45	0
115	46	1
115	47	0
115	48	0
115	49	0
115	50	0
115	51	0
115	52	0
115	53	0
115	54	0
115	55	0
115	56	0
115	57	0
115	58	1
115	59	0
115	60	0
117	1	0
117	2	0
117	3	0
117	4	0
117	5	0
117	6	0
117	7	0
117	8	0
117	9	0
117	10	0
117	11	0
117	12	0
117	13	0
117	14	0
117	15	0
117	16	0
117	17	0
117	18	0
117	19	0
117	20	0
117	21	1
117	22	1
117	23	0
117	24	0
117	25	0
117	26	0
117	27	0
117	28	0
117	29	0
117	30	0
117	31	0
117	32	0
117	33	1
117	34	1
117	35	0
117	36	0
117	37	0
117	38	0
117	39	0
117	40	0
117	41	0
117	42	0
117	43	0
117	44	0
117	45	1
117	46	1
117	47	0
117	48	0
117	49	0
117	50	0
117	51	0
117	52	0
117	53	0
117	54	0
117	55	0
117	56	0
117	57	0
117	58	1
117	59	0
117	60	0
118	1	0
118	2	0
118	3	0
118	4	0
118	5	0
118	6	0
118	7	1
118	8	1
118	9	0
118	10	1
118	11	1
118	12	1
118	13	0
118	14	0
118	15	0
118	16	0
118	17	0
118	18	0
118	19	1
118	20	1
118	21	0
118	22	1
118	23	1
118	24	1
118	25	0
118	26	0
118	27	0
118	28	0
118	29	0
118	30	0
118	31	1
118	32	1
118	33	0
118	34	1
118	35	1
118	36	1
118	37	0
118	38	0
118	39	0
118	40	0
118	41	0
118	42	0
118	43	1
118	44	0
118	45	0
118	46	1
118	47	1
118	48	1
118	49	0
118	50	0
118	51	0
118	52	0
118	53	0
118	54	0
118	55	0
118	56	1
118	57	0
118	58	1
118	59	1
118	60	1
119	1	0
119	2	0
119	3	1
119	4	1
119	5	0
119	6	1
119	7	1
119	8	1
119	9	1
119	10	1
119	11	1
119	12	1
119	13	0
119	14	0
119	15	1
119	16	1
119	17	0
119	18	1
119	19	1
119	20	1
119	21	1
119	22	1
119	23	1
119	24	1
119	25	0
119	26	0
119	27	1
119	28	1
119	29	0
119	30	1
119	31	1
119	32	1
119	33	1
119	34	1
119	35	1
119	36	1
119	37	0
119	38	0
119	39	1
119	40	1
119	41	0
119	42	1
119	43	1
119	44	1
119	45	1
119	46	1
119	47	1
119	48	1
119	49	0
119	50	0
119	51	1
119	52	1
119	53	0
119	54	1
119	55	1
119	56	1
119	57	1
119	58	1
119	59	1
119	60	1
120	1	0
120	2	0
120	3	0
120	4	0
120	5	0
120	6	0
120	7	0
120	8	0
120	9	0
120	10	0
120	11	0
120	12	0
120	13	0
120	14	0
120	15	0
120	16	0
120	17	0
120	18	0
120	19	0
120	20	0
120	21	0
120	22	0
120	23	0
120	24	0
120	25	0
120	26	0
120	27	0
120	28	0
120	29	0
120	30	0
120	31	0
120	32	0
120	33	0
120	34	0
120	35	0
120	36	0
120	37	0
120	38	0
120	39	0
120	40	0
120	41	0
120	42	0
120	43	0
120	44	0
120	45	0
120	46	0
120	47	0
120	48	0
120	49	0
120	50	0
120	51	0
120	52	0
120	53	0
120	54	0
120	55	0
120	56	0
120	57	0
120	58	0
120	59	0
120	60	0
121	1	0
121	2	0
121	3	0
121	4	0
121	5	0
121	6	0
121	7	1
121	8	0
121	9	0
121	10	0
121	11	2
121	12	0
121	13	0
121	14	0
121	15	0
121	16	0
121	17	0
121	18	0
121	19	0
121	20	0
121	21	0
121	22	1
121	23	1
121	24	0
121	25	0
121	26	0
121	27	0
121	28	0
121	29	0
121	30	0
121	31	0
121	32	0
121	33	0
121	34	0
121	35	1
121	36	1
121	37	0
121	38	0
121	39	0
121	40	0
121	41	0
121	42	0
121	43	0
121	44	1
121	45	0
121	46	1
121	47	1
121	48	1
121	49	0
121	50	0
121	51	0
121	52	0
121	53	0
121	54	0
121	55	1
121	56	0
121	57	0
121	58	0
121	59	1
121	60	1
122	1	0
122	2	0
122	3	0
122	4	0
122	5	0
122	6	0
122	7	0
122	8	0
122	9	0
122	10	0
122	11	0
122	12	0
122	13	0
122	14	0
122	15	0
122	16	0
122	17	0
122	18	0
122	19	0
122	20	0
122	21	0
122	22	0
122	23	0
122	24	0
122	25	0
122	26	0
122	27	0
122	28	0
122	29	0
122	30	0
122	31	0
122	32	0
122	33	0
122	34	0
122	35	0
122	36	0
122	37	0
122	38	0
122	39	0
122	40	0
122	41	0
122	42	0
122	43	0
122	44	0
122	45	0
122	46	0
122	47	0
122	48	0
122	49	0
122	50	0
122	51	0
122	52	0
122	53	0
122	54	0
122	55	0
122	56	0
122	57	0
122	58	0
122	59	0
122	60	0
123	1	0
123	2	0
123	3	0
123	4	0
123	5	0
123	6	1
123	7	1
123	8	0
123	9	1
123	10	1
123	11	1
123	12	1
123	13	0
123	14	0
123	15	0
123	16	0
123	17	1
123	18	1
123	19	1
123	20	0
123	21	1
123	22	1
123	23	1
123	24	1
123	25	0
123	26	0
123	27	0
123	28	0
123	29	0
123	30	1
123	31	1
123	32	0
123	33	1
123	34	1
123	35	1
123	36	1
123	37	0
123	38	0
123	39	0
123	40	0
123	41	0
123	42	0
123	43	1
123	44	0
123	45	1
123	46	1
123	47	1
123	48	1
123	49	0
123	50	0
123	51	0
123	52	0
123	53	0
123	54	0
123	55	0
123	56	0
123	57	1
123	58	1
123	59	1
123	60	1
124	1	0
124	2	0
124	3	0
124	4	0
124	5	0
124	6	0
124	7	0
124	8	0
124	9	0
124	10	0
124	11	0
124	12	0
124	13	0
124	14	0
124	15	0
124	16	0
124	17	0
124	18	0
124	19	0
124	20	0
124	21	0
124	22	0
124	23	0
124	24	0
124	25	0
124	26	0
124	27	0
124	28	0
124	29	0
124	30	0
124	31	0
124	32	0
124	33	0
124	34	0
124	35	0
124	36	0
124	37	0
124	38	0
124	39	0
124	40	0
124	41	0
124	42	0
124	43	0
124	44	0
124	45	0
124	46	0
124	47	0
124	48	0
124	49	0
124	50	0
124	51	0
124	52	0
124	53	0
124	54	0
124	55	0
124	56	0
124	57	0
124	58	0
124	59	0
124	60	0
125	1	0
125	2	0
125	3	0
125	4	0
125	5	0
125	6	0
125	7	0
125	8	0
125	9	0
125	10	0
125	11	0
125	12	0
125	13	0
125	14	0
125	15	0
125	16	0
125	17	0
125	18	0
125	19	0
125	20	0
125	21	0
125	22	0
125	23	0
125	24	0
125	25	0
125	26	0
125	27	0
125	28	0
125	29	0
125	30	0
125	31	0
125	32	0
125	33	0
125	34	0
125	35	0
125	36	0
125	37	0
125	38	0
125	39	0
125	40	0
125	41	0
125	42	0
125	43	0
125	44	0
125	45	0
125	46	0
125	47	0
125	48	0
125	49	0
125	50	0
125	51	0
125	52	0
125	53	0
125	54	0
125	55	0
125	56	0
125	57	0
125	58	0
125	59	0
125	60	0
128	1	0
128	2	0
128	3	0
128	4	0
128	5	0
128	6	0
128	7	0
128	8	0
128	9	1
128	10	1
128	11	0
128	12	0
128	13	0
128	14	0
128	15	0
128	16	0
128	17	0
128	18	0
128	19	0
128	20	0
128	21	0
128	22	0
128	23	0
128	24	0
128	25	0
128	26	0
128	27	0
128	28	0
128	29	0
128	30	0
128	31	0
128	32	0
128	33	0
128	34	1
128	35	1
128	36	0
128	37	0
128	38	0
128	39	0
128	40	0
128	41	0
128	42	0
128	43	0
128	44	0
128	45	1
128	46	1
128	47	1
128	48	0
128	49	0
128	50	0
128	51	0
128	52	0
128	53	0
128	54	0
128	55	0
128	56	0
128	57	1
128	58	1
128	59	0
128	60	0
129	1	0
129	2	0
129	3	1
129	4	1
129	5	1
129	6	1
129	7	1
129	8	1
129	9	1
129	10	1
129	11	1
129	12	1
129	13	0
129	14	0
129	15	1
129	16	1
129	17	1
129	18	1
129	19	1
129	20	1
129	21	1
129	22	1
129	23	1
129	24	1
129	25	0
129	26	0
129	27	1
129	28	1
129	29	1
129	30	1
129	31	1
129	32	1
129	33	1
129	34	1
129	35	1
129	36	1
129	37	0
129	38	0
129	39	0
129	40	0
129	41	1
129	42	1
129	43	1
129	44	1
129	45	1
129	46	1
129	47	1
129	48	1
129	49	0
129	50	0
129	51	1
129	52	0
129	53	1
129	54	1
129	55	1
129	56	1
129	57	1
129	58	1
129	59	1
129	60	1
130	1	0
130	2	0
130	3	0
130	4	0
130	5	0
130	6	0
130	7	0
130	8	0
130	9	0
130	10	0
130	11	0
130	12	0
130	13	0
130	14	0
130	15	0
130	16	0
130	17	0
130	18	0
130	19	0
130	20	0
130	21	0
130	22	0
130	23	0
130	24	0
130	25	0
130	26	0
130	27	0
130	28	0
130	29	0
130	30	0
130	31	0
130	32	0
130	33	0
130	34	0
130	35	0
130	36	0
130	37	0
130	38	0
130	39	0
130	40	0
130	41	0
130	42	0
130	43	0
130	44	0
130	45	0
130	46	0
130	47	0
130	48	0
130	49	0
130	50	0
130	51	0
130	52	0
130	53	0
130	54	0
130	55	0
130	56	0
130	57	0
130	58	0
130	59	0
130	60	0
131	1	0
131	2	0
131	3	0
131	4	0
131	5	0
131	6	1
131	7	0
131	8	0
131	9	1
131	10	1
131	11	1
131	12	1
131	13	0
131	14	0
131	15	0
131	16	0
131	17	0
131	18	1
131	19	0
131	20	0
131	21	1
131	22	1
131	23	1
131	24	1
131	25	0
131	26	0
131	27	0
131	28	0
131	29	0
131	30	1
131	31	0
131	32	0
131	33	1
131	34	1
131	35	1
131	36	1
131	37	0
131	38	0
131	39	0
131	40	0
131	41	1
131	42	1
131	43	0
131	44	0
131	45	1
131	46	1
131	47	1
131	48	0
131	49	0
131	50	0
131	51	0
131	52	0
131	53	0
131	54	0
131	55	0
131	56	0
131	57	1
131	58	1
131	59	1
131	60	0
132	1	0
132	2	0
132	3	0
132	4	0
132	5	0
132	6	0
132	7	0
132	8	0
132	9	1
132	10	1
132	11	1
132	12	0
132	13	0
132	14	0
132	15	0
132	16	0
132	17	0
132	18	0
132	19	0
132	20	0
132	21	1
132	22	1
132	23	1
132	24	0
132	25	0
132	26	0
132	27	0
132	28	0
132	29	0
132	30	0
132	31	0
132	32	0
132	33	1
132	34	1
132	35	1
132	36	0
132	37	0
132	38	0
132	39	0
132	40	0
132	41	0
132	42	0
132	43	0
132	44	0
132	45	1
132	46	1
132	47	0
132	48	0
132	49	0
132	50	0
132	51	0
132	52	0
132	53	0
132	54	0
132	55	0
132	56	0
132	57	1
132	58	1
132	59	1
132	60	0
133	1	0
133	2	0
133	3	0
133	4	0
133	5	0
133	6	1
133	7	2
133	8	3
133	9	1
133	10	2
133	11	2
133	12	3
133	13	0
133	14	0
133	15	0
133	16	0
133	17	0
133	18	1
133	19	2
133	20	2
133	21	1
133	22	2
133	23	3
133	24	2
133	25	0
133	26	0
133	27	1
133	28	0
133	29	1
133	30	1
133	31	1
133	32	2
133	33	1
133	34	1
133	35	1
133	36	2
133	37	0
133	38	0
133	39	0
133	40	0
133	41	1
133	42	1
133	43	1
133	44	2
133	45	1
133	46	1
133	47	2
133	48	1
133	49	0
133	50	0
133	51	0
133	52	0
133	53	0
133	54	1
133	55	1
133	56	1
133	57	1
133	58	1
133	59	2
133	60	1
134	1	0
134	2	0
134	3	0
134	4	0
134	5	0
134	6	0
134	7	1
134	8	0
134	9	1
134	10	1
134	11	1
134	12	1
134	13	0
134	14	0
134	15	0
134	16	0
134	17	0
134	18	0
134	19	0
134	20	0
134	21	0
134	22	1
134	23	1
134	24	1
134	25	0
134	26	0
134	27	0
134	28	0
134	29	0
134	30	0
134	31	0
134	32	0
134	33	0
134	34	1
134	35	1
134	36	1
134	37	0
134	38	0
134	39	0
134	40	0
134	41	0
134	42	0
134	43	0
134	44	0
134	45	1
134	46	1
134	47	1
134	48	0
134	49	0
134	50	0
134	51	0
134	52	0
134	53	0
134	54	0
134	55	0
134	56	0
134	57	1
134	58	1
134	59	1
134	60	1
136	1	0
136	2	0
136	3	0
136	4	0
136	5	0
136	6	1
136	7	0
136	8	0
136	9	1
136	10	0
136	11	0
136	12	0
136	13	0
136	14	0
136	15	0
136	16	0
136	17	0
136	18	1
136	19	1
136	20	0
136	21	1
136	22	0
136	23	1
136	24	1
136	25	0
136	26	0
136	27	0
136	28	0
136	29	0
136	30	1
136	31	1
136	32	0
136	33	1
136	34	1
136	35	1
136	36	1
136	37	0
136	38	0
136	39	0
136	40	0
136	41	0
136	42	0
136	43	1
136	44	0
136	45	1
136	46	1
136	47	0
136	48	1
136	49	0
136	50	0
136	51	0
136	52	0
136	53	0
136	54	1
136	55	1
136	56	1
136	57	1
136	58	1
136	59	1
136	60	1
138	1	0
138	2	0
138	3	0
138	4	0
138	5	0
138	6	0
138	7	0
138	8	0
138	9	0
138	10	1
138	11	0
138	12	0
138	13	0
138	14	0
138	15	0
138	16	0
138	17	0
138	18	0
138	19	0
138	20	0
138	21	1
138	22	1
138	23	1
138	24	0
138	25	0
138	26	0
138	27	0
138	28	0
138	29	0
138	30	0
138	31	0
138	32	0
138	33	1
138	34	1
138	35	0
138	36	0
138	37	0
138	38	0
138	39	1
138	40	0
138	41	0
138	42	0
138	43	0
138	44	0
138	45	1
138	46	1
138	47	0
138	48	0
138	49	0
138	50	0
138	51	0
138	52	0
138	53	0
138	54	0
138	55	0
138	56	0
138	57	0
138	58	0
138	59	0
138	60	0
139	1	0
139	2	0
139	3	0
139	4	0
139	5	0
139	6	0
139	7	1
139	8	0
139	9	1
139	10	1
139	11	0
139	12	1
139	13	0
139	14	0
139	15	0
139	16	0
139	17	0
139	18	1
139	19	1
139	20	0
139	21	1
139	22	1
139	23	0
139	24	0
139	25	0
139	26	0
139	27	0
139	28	0
139	29	0
139	30	0
139	31	1
139	32	0
139	33	1
139	34	1
139	35	1
139	36	1
139	37	0
139	38	0
139	39	0
139	40	0
139	41	0
139	42	0
139	43	1
139	44	0
139	45	1
139	46	1
139	47	1
139	48	1
139	49	0
139	50	0
139	51	0
139	52	0
139	53	0
139	54	1
139	55	0
139	56	0
139	57	1
139	58	1
139	59	1
139	60	0
140	1	0
140	2	0
140	3	0
140	4	0
140	5	0
140	6	0
140	7	0
140	8	2
140	9	1
140	10	1
140	11	1
140	12	1
140	13	0
140	14	0
140	15	0
140	16	0
140	17	0
140	18	0
140	19	0
140	20	1
140	21	0
140	22	1
140	23	2
140	24	2
140	25	0
140	26	0
140	27	0
140	28	0
140	29	0
140	30	0
140	31	2
140	32	2
140	33	1
140	34	1
140	35	1
140	36	1
140	37	0
140	38	0
140	39	0
140	40	0
140	41	0
140	42	0
140	43	1
140	44	1
140	45	1
140	46	1
140	47	2
140	48	1
140	49	0
140	50	0
140	51	0
140	52	0
140	53	0
140	54	0
140	55	1
140	56	2
140	57	1
140	58	2
140	59	2
140	60	2
141	1	0
141	2	0
141	3	0
141	4	0
141	5	0
141	6	0
141	7	2
141	8	3
141	9	0
141	10	1
141	11	4
141	12	6
141	13	0
141	14	0
141	15	0
141	16	0
141	17	0
141	18	1
141	19	2
141	20	2
141	21	1
141	22	1
141	23	3
141	24	2
141	25	0
141	26	0
141	27	0
141	28	1
141	29	0
141	30	0
141	31	0
141	32	1
141	33	1
141	34	2
141	35	2
141	36	3
141	37	0
141	38	0
141	39	0
141	40	0
141	41	0
141	42	0
141	43	1
141	44	7
141	45	1
141	46	2
141	47	3
141	48	4
141	49	0
141	50	0
141	51	0
141	52	0
141	53	0
141	54	0
141	55	1
141	56	1
141	57	1
141	58	2
141	59	3
141	60	2
142	1	0
142	2	0
142	3	1
142	4	1
142	5	1
142	6	1
142	7	1
142	8	2
142	9	1
142	10	1
142	11	1
142	12	2
142	13	0
142	14	0
142	15	2
142	16	2
142	17	1
142	18	1
142	19	2
142	20	3
142	21	1
142	22	1
142	23	1
142	24	2
142	25	0
142	26	0
142	27	0
142	28	1
142	29	1
142	30	1
142	31	2
142	32	1
142	33	1
142	34	1
142	35	0
142	36	1
142	37	0
142	38	0
142	39	1
142	40	1
142	41	1
142	42	1
142	43	1
142	44	1
142	45	1
142	46	1
142	47	1
142	48	1
142	49	0
142	50	0
142	51	0
142	52	0
142	53	1
142	54	1
142	55	2
142	56	2
142	57	1
142	58	1
142	59	1
142	60	1
143	1	0
143	2	0
143	3	0
143	4	0
143	5	0
143	6	1
143	7	1
143	8	0
143	9	1
143	10	1
143	11	1
143	12	0
143	13	0
143	14	0
143	15	0
143	16	0
143	17	0
143	18	0
143	19	0
143	20	0
143	21	1
143	22	1
143	23	1
143	24	1
143	25	0
143	26	0
143	27	0
143	28	0
143	29	0
143	30	1
143	31	1
143	32	0
143	33	1
143	34	1
143	35	1
143	36	1
143	37	0
143	38	0
143	39	0
143	40	0
143	41	0
143	42	1
143	43	1
143	44	0
143	45	1
143	46	1
143	47	1
143	48	1
143	49	0
143	50	0
143	51	0
143	52	0
143	53	0
143	54	1
143	55	1
143	56	0
143	57	1
143	58	1
143	59	1
143	60	1
144	1	0
144	2	0
144	3	0
144	4	0
144	5	0
144	6	0
144	7	0
144	8	0
144	9	0
144	10	0
144	11	0
144	12	0
144	13	0
144	14	0
144	15	0
144	16	0
144	17	0
144	18	0
144	19	0
144	20	0
144	21	0
144	22	0
144	23	0
144	24	0
144	25	0
144	26	0
144	27	0
144	28	0
144	29	0
144	30	0
144	31	0
144	32	0
144	33	0
144	34	0
144	35	0
144	36	0
144	37	0
144	38	0
144	39	0
144	40	0
144	41	0
144	42	0
144	43	0
144	44	0
144	45	0
144	46	0
144	47	0
144	48	0
144	49	0
144	50	0
144	51	0
144	52	0
144	53	0
144	54	0
144	55	0
144	56	0
144	57	0
144	58	0
144	59	0
144	60	0
145	1	0
145	2	0
145	3	0
145	4	0
145	5	0
145	6	0
145	7	2
145	8	5
145	9	1
145	10	1
145	11	3
145	12	3
145	13	0
145	14	0
145	15	0
145	16	1
145	17	0
145	18	0
145	19	4
145	20	1
146	1	0
146	2	0
146	3	0
146	4	0
146	5	0
146	6	0
146	7	0
146	8	0
146	9	1
146	10	1
146	11	1
146	12	0
146	13	0
146	14	0
146	15	0
146	16	0
146	17	0
146	18	0
146	19	0
146	20	0
146	21	0
146	22	0
146	23	0
146	24	0
146	25	0
146	26	0
146	27	0
146	28	0
146	29	0
146	30	0
146	31	0
146	32	0
146	33	0
146	34	1
146	35	0
146	36	0
146	37	0
146	38	0
146	39	0
146	40	0
146	41	0
146	42	0
146	43	0
146	44	0
146	45	1
146	46	1
146	47	0
146	48	0
146	49	0
146	50	0
146	51	0
146	52	0
146	53	0
146	54	0
146	55	0
146	56	0
146	57	0
146	58	1
146	59	0
146	60	0
147	1	0
147	2	0
147	3	1
147	4	2
147	5	1
147	6	1
147	7	4
147	8	3
147	9	1
147	10	2
147	11	5
147	12	4
147	13	0
147	14	0
147	15	1
147	16	1
147	17	0
147	18	1
147	19	3
147	20	1
147	21	1
147	22	2
147	23	2
147	24	3
147	25	0
147	26	0
147	27	2
147	28	1
147	29	1
147	30	1
147	31	4
147	32	4
147	33	1
147	34	2
147	35	6
147	36	9
147	37	0
147	38	0
147	39	2
147	40	1
147	41	1
147	42	1
147	43	2
147	44	5
147	45	1
147	46	2
147	47	8
147	48	9
147	49	0
147	50	0
147	51	1
147	52	2
147	53	1
147	54	1
147	55	3
147	56	2
147	57	1
147	58	2
147	59	8
147	60	8
148	1	0
148	2	0
148	3	0
148	4	0
148	5	0
148	6	1
148	7	2
148	8	1
148	9	0
148	10	1
148	11	1
148	12	1
148	13	0
148	14	0
148	15	0
148	16	0
148	17	0
148	18	1
148	19	0
148	20	0
148	21	1
148	22	0
148	23	1
148	24	1
148	25	0
148	26	0
148	27	0
148	28	0
148	29	0
148	30	0
148	31	1
148	32	0
148	33	0
148	34	1
148	35	1
148	36	1
148	37	0
148	38	0
148	39	0
148	40	1
148	41	0
148	42	0
148	43	1
148	44	1
148	45	1
148	46	1
148	47	1
148	48	1
148	49	0
148	50	0
148	51	0
148	52	0
148	53	0
148	54	0
148	55	1
148	56	1
148	57	1
148	58	1
148	59	1
148	60	1
149	1	0
149	2	0
149	3	1
149	4	1
149	5	0
149	6	0
149	7	2
149	8	3
149	9	1
149	10	2
149	11	2
149	12	2
149	13	0
149	14	0
149	15	0
149	16	1
149	17	0
149	18	0
149	19	1
149	20	1
149	21	0
149	22	1
149	23	2
149	24	2
149	25	0
149	26	0
149	27	1
149	28	0
149	29	0
149	30	1
149	31	2
149	32	1
149	33	1
149	34	1
149	35	2
149	36	1
149	37	0
149	38	0
149	39	0
149	40	1
149	41	0
149	42	0
149	43	2
149	44	1
149	45	0
149	46	1
149	47	2
149	48	2
149	49	0
149	50	0
149	51	0
149	52	0
149	53	0
149	54	0
149	55	2
149	56	1
149	57	0
149	58	0
149	59	2
149	60	2
150	1	0
150	2	0
150	3	0
150	4	0
150	5	0
150	6	0
150	7	1
150	8	1
150	9	1
150	10	1
150	11	1
150	12	1
150	13	0
150	14	0
150	15	0
150	16	0
150	17	0
150	18	1
150	19	1
150	20	0
150	21	1
150	22	1
150	23	2
150	24	1
150	25	0
150	26	0
150	27	0
150	28	0
150	29	1
150	30	1
150	31	1
150	32	0
150	33	1
150	34	1
150	35	1
150	36	1
150	37	0
150	38	0
150	39	0
150	40	0
150	41	0
150	42	1
150	43	1
150	44	1
150	45	1
150	46	1
150	47	1
150	48	1
150	49	0
150	50	0
150	51	0
150	52	0
150	53	0
150	54	1
150	55	1
150	56	1
150	57	1
150	58	0
150	59	1
150	60	1
151	1	0
151	2	0
151	3	1
151	4	1
151	5	0
151	6	1
151	7	2
151	8	6
151	9	1
151	10	2
151	11	5
151	12	3
151	13	0
151	14	0
151	15	0
151	16	2
151	17	0
151	18	1
151	19	2
151	20	3
151	21	1
151	22	2
151	23	3
151	24	2
151	25	0
151	26	0
151	27	1
151	28	1
151	29	0
151	30	0
151	31	2
151	32	3
151	33	1
151	34	2
151	35	2
151	36	2
151	37	0
151	38	0
151	39	1
151	40	1
151	41	0
151	42	1
151	43	2
151	44	2
151	45	1
151	46	1
151	47	2
151	48	2
151	49	0
151	50	0
151	51	1
151	52	1
151	53	1
151	54	1
151	55	1
151	56	2
151	57	1
151	58	2
151	59	2
151	60	2
152	1	0
152	2	0
152	3	0
152	4	0
152	5	0
152	6	0
152	7	0
152	8	0
152	9	0
152	10	0
152	11	0
152	12	0
152	13	0
152	14	0
152	15	0
152	16	0
152	17	0
152	18	0
152	19	0
152	20	0
152	21	0
152	22	0
152	23	0
152	24	0
152	25	0
152	26	0
152	27	0
152	28	0
152	29	0
152	30	0
152	31	0
152	32	0
152	33	0
152	34	0
152	35	0
152	36	0
152	37	0
152	38	0
152	39	0
152	40	0
152	41	0
152	42	0
152	43	0
152	44	0
152	45	0
152	46	0
152	47	0
152	48	0
152	49	0
152	50	0
152	51	0
152	52	0
152	53	0
152	54	0
152	55	0
152	56	0
152	57	0
152	58	0
152	59	0
152	60	0
153	1	0
153	2	0
153	3	1
153	4	4
153	5	0
153	6	0
153	7	6
153	8	9
153	9	0
153	10	2
153	11	9
153	12	9
153	13	0
153	14	0
153	15	2
153	16	2
153	17	0
153	18	0
153	19	4
153	20	9
153	21	0
153	22	1
153	23	8
153	24	9
153	25	0
153	26	0
153	27	1
153	28	2
153	29	0
153	30	0
153	31	3
153	32	9
153	33	0
153	34	1
153	35	8
153	36	9
153	37	0
153	38	0
153	39	0
153	40	1
153	41	0
153	42	0
153	43	3
153	44	4
153	45	0
153	46	1
153	47	9
153	48	9
153	49	0
153	50	0
153	51	9
153	52	9
153	53	0
153	54	0
153	55	2
153	56	1
153	57	0
153	58	0
153	59	6
153	60	9
154	1	0
154	2	0
154	3	0
154	4	1
154	5	0
154	6	1
154	7	1
154	8	1
154	9	1
154	10	1
154	11	2
154	12	1
154	13	0
154	14	0
154	15	0
154	16	0
154	17	0
154	18	1
154	19	1
154	20	1
154	21	1
154	22	1
154	23	2
154	24	1
154	25	0
154	26	0
154	27	0
154	28	0
154	29	0
154	30	1
154	31	1
154	32	1
154	33	1
154	34	1
154	35	3
154	36	0
154	37	0
154	38	0
154	39	0
154	40	0
154	41	0
154	42	1
154	43	2
154	44	1
154	45	1
154	46	1
154	47	2
154	48	1
154	49	0
154	50	0
154	51	0
154	52	0
154	53	1
154	54	1
154	55	1
154	56	1
154	57	1
154	58	2
154	59	2
154	60	4
155	1	0
155	2	0
155	3	1
155	4	1
155	5	0
155	6	0
155	7	2
155	8	2
155	9	0
155	10	1
155	11	3
155	12	3
155	13	0
155	14	0
155	15	2
155	16	2
155	17	0
155	18	1
155	19	1
155	20	1
155	21	0
155	22	1
155	23	3
155	24	2
155	25	0
155	26	0
155	27	1
155	28	2
155	29	0
155	30	0
155	31	1
155	32	2
155	33	0
155	34	1
155	35	1
155	36	3
155	37	0
155	38	0
155	39	1
155	40	1
155	41	0
155	42	1
155	43	1
155	44	1
155	45	0
155	46	1
155	47	2
155	48	2
155	49	0
155	50	0
155	51	0
155	52	1
155	53	0
155	54	0
155	55	2
155	56	2
155	57	0
155	58	1
155	59	1
155	60	2
156	1	0
156	2	0
156	3	0
156	4	0
156	5	0
156	6	0
156	7	1
156	8	1
156	9	0
156	10	0
156	11	2
156	12	2
156	13	0
156	14	0
156	15	0
156	16	0
156	17	0
156	18	0
156	19	1
156	20	1
156	21	0
156	22	0
156	23	2
156	24	2
156	25	0
156	26	0
156	27	0
156	28	0
156	29	0
156	30	0
156	31	0
156	32	0
156	33	0
156	34	0
156	35	2
156	36	1
156	37	0
156	38	0
156	39	0
156	40	0
156	41	0
156	42	0
156	43	1
156	44	2
156	45	0
156	46	0
156	47	1
156	48	1
156	49	0
156	50	0
156	51	0
156	52	0
156	53	0
156	54	0
156	55	0
156	56	1
156	57	0
156	58	1
156	59	0
156	60	2
157	1	0
157	2	0
157	3	0
157	4	0
157	5	0
157	6	0
157	7	2
157	8	2
157	9	1
157	10	1
157	11	5
157	12	5
157	13	0
157	14	0
157	15	0
157	16	0
157	17	0
157	18	0
157	19	1
157	20	3
157	21	0
157	22	2
157	23	4
157	24	8
157	25	0
157	26	0
157	27	0
157	28	0
157	29	0
157	30	1
157	31	1
157	32	5
157	33	1
157	34	2
157	35	6
157	36	9
157	37	0
157	38	0
157	39	0
157	40	0
157	41	0
157	42	1
157	43	2
157	44	7
157	45	1
157	46	2
157	47	4
157	48	7
157	49	0
157	50	0
157	51	1
157	52	0
157	53	0
157	54	1
157	55	3
157	56	3
157	57	1
157	58	1
157	59	5
157	60	9
158	1	0
158	2	0
158	3	0
158	4	0
158	5	0
158	6	0
158	7	2
158	8	2
158	9	0
158	10	0
158	11	2
158	12	2
158	13	0
158	14	0
158	15	0
158	16	0
158	17	0
158	18	0
158	19	2
158	20	3
158	21	0
158	22	1
158	23	3
158	24	6
158	25	0
158	26	0
158	27	1
158	28	1
158	29	1
158	30	1
158	31	2
158	32	2
158	33	0
158	34	1
158	35	4
158	36	3
158	37	0
158	38	0
158	39	0
158	40	0
158	41	0
158	42	0
158	43	2
158	44	1
158	45	0
158	46	1
158	47	2
158	48	3
158	49	0
158	50	0
158	51	0
158	52	0
158	53	0
158	54	0
158	55	2
158	56	2
158	57	1
158	58	1
158	59	3
158	60	5
159	1	0
159	2	0
159	3	0
159	4	0
159	5	0
159	6	0
159	7	0
159	8	0
159	9	1
159	10	1
159	11	1
159	12	1
159	13	0
159	14	0
159	15	0
159	16	0
159	17	0
159	18	0
159	19	0
159	20	0
159	21	1
159	22	1
159	23	1
159	24	0
159	25	0
159	26	0
159	27	0
159	28	0
159	29	0
159	30	0
159	31	0
159	32	0
159	33	1
159	34	1
159	35	1
159	36	0
159	37	0
159	38	0
159	39	0
159	40	0
159	41	0
159	42	0
159	43	0
159	44	0
159	45	1
159	46	1
159	47	0
159	48	0
159	49	0
159	50	0
159	51	0
159	52	0
159	53	0
159	54	0
159	55	0
159	56	0
159	57	0
159	58	1
159	59	1
159	60	0
160	1	0
160	2	0
160	3	1
160	4	1
160	5	0
160	6	1
160	7	1
160	8	1
160	9	1
160	10	1
160	11	1
160	12	1
160	13	0
160	14	0
160	15	1
160	16	1
160	17	1
160	18	1
160	19	0
160	20	0
160	21	0
160	22	1
160	23	1
160	24	1
160	25	0
160	26	0
160	27	1
160	28	0
160	29	1
160	30	1
160	31	1
160	32	1
160	33	1
160	34	1
160	35	1
160	36	1
160	37	0
160	38	0
160	39	1
160	40	1
160	41	1
160	42	1
160	43	1
160	44	1
160	45	1
160	46	1
160	47	1
160	48	1
160	49	0
160	50	0
160	51	0
160	52	0
160	53	0
160	54	1
160	55	0
160	56	0
160	57	0
160	58	0
160	59	1
160	60	0
161	1	0
161	2	0
161	3	1
161	4	3
161	5	0
161	6	1
161	7	9
161	8	9
161	9	2
161	10	2
161	11	8
161	12	9
161	13	0
161	14	0
161	15	1
161	16	1
161	17	0
161	18	0
161	19	6
161	20	9
161	21	1
161	22	2
161	23	9
161	24	9
161	25	0
161	26	0
161	27	1
161	28	2
161	29	0
161	30	1
161	31	6
161	32	9
161	33	1
161	34	2
161	35	9
161	36	9
161	37	0
161	38	0
161	39	1
161	40	0
161	41	0
161	42	1
161	43	6
161	44	9
161	45	1
161	46	3
161	47	9
161	48	9
161	49	0
161	50	0
161	51	2
161	52	1
161	53	1
161	54	1
161	55	7
161	56	9
161	57	2
161	58	3
161	59	9
161	60	9
162	1	0
162	2	0
162	3	0
162	4	0
162	5	0
162	6	0
162	7	0
162	8	0
162	9	0
162	10	1
162	11	0
162	12	0
162	13	0
162	14	0
162	15	0
162	16	0
162	17	0
162	18	0
162	19	0
162	20	0
162	21	0
162	22	1
162	23	0
162	24	0
162	25	0
162	26	0
162	27	0
162	28	0
162	29	0
162	30	0
162	31	0
162	32	0
162	33	1
162	34	1
162	35	0
162	36	0
162	37	0
162	38	0
162	39	0
162	40	0
162	41	0
162	42	0
162	43	0
162	44	0
162	45	1
162	46	1
162	47	0
162	48	0
162	49	0
162	50	0
162	51	0
162	52	0
162	53	0
162	54	0
162	55	0
162	56	0
162	57	1
162	58	1
162	59	0
162	60	0
163	1	0
163	2	0
163	3	0
163	4	0
163	5	1
163	6	1
163	7	1
163	8	0
163	9	1
163	10	1
163	11	0
163	12	0
163	13	0
163	14	0
163	15	0
163	16	0
163	17	0
163	18	1
163	19	0
163	20	0
163	21	0
163	22	0
163	23	0
163	24	0
163	25	0
163	26	0
163	27	0
163	28	0
163	29	0
163	30	1
163	31	0
163	32	0
163	33	0
163	34	0
163	35	0
163	36	0
163	37	0
163	38	0
163	39	0
163	40	0
163	41	1
163	42	0
163	43	0
163	44	0
163	45	0
163	46	0
163	47	0
163	48	0
163	49	0
163	50	0
163	51	0
163	52	0
163	53	1
163	54	0
163	55	0
163	56	0
163	57	0
163	58	0
163	59	0
163	60	0
164	1	0
164	2	0
164	3	0
164	4	0
164	5	1
164	6	1
164	7	0
164	8	0
164	9	0
164	10	1
164	11	1
164	12	0
164	13	0
164	14	0
164	15	0
164	16	0
164	17	1
164	18	1
164	19	1
164	20	0
164	21	1
164	22	1
164	23	1
164	24	1
164	25	0
164	26	0
164	27	0
164	28	0
164	29	1
164	30	1
164	31	0
164	32	0
164	33	1
164	34	1
164	35	1
164	36	0
164	37	0
164	38	0
164	39	0
164	40	0
164	41	1
164	42	1
164	43	1
164	44	0
164	45	1
164	46	1
164	47	1
164	48	0
164	49	0
164	50	0
164	51	0
164	52	0
164	53	1
164	54	1
164	55	1
164	56	1
164	57	1
164	58	1
164	59	1
164	60	0
165	1	0
165	2	0
165	3	0
165	4	0
165	5	1
165	6	0
165	7	1
165	8	1
165	9	0
165	10	0
165	11	0
165	12	1
165	13	0
165	14	0
165	15	0
165	16	0
165	17	1
165	18	0
165	19	0
165	20	0
165	21	0
165	22	0
165	23	0
165	24	0
165	25	0
165	26	0
165	27	0
165	28	0
165	29	1
165	30	0
165	31	0
165	32	0
165	33	1
165	34	0
165	35	0
165	36	0
165	37	0
165	38	0
165	39	0
165	40	0
165	41	0
165	42	1
165	43	0
165	44	0
165	45	0
165	46	0
165	47	0
165	48	0
165	49	0
165	50	0
165	51	0
165	52	0
165	53	0
165	54	0
165	55	0
165	56	0
165	57	0
165	58	0
165	59	0
165	60	0
166	1	0
166	2	1
166	3	1
166	4	1
166	5	1
166	6	1
166	7	1
166	8	1
166	9	1
166	10	1
166	11	1
166	12	1
166	13	0
166	14	0
166	15	1
166	16	1
166	17	1
166	18	1
166	19	1
166	20	1
166	21	1
166	22	1
166	23	1
166	24	1
166	25	0
166	26	0
166	27	1
166	28	1
166	29	1
166	30	1
166	31	1
166	32	1
166	33	1
166	34	1
166	35	1
166	36	1
166	37	0
166	38	0
166	39	1
166	40	1
166	41	1
166	42	1
166	43	1
166	44	1
166	45	1
166	46	1
166	47	1
166	48	1
166	49	0
166	50	0
166	51	1
166	52	1
166	53	1
166	54	1
166	55	1
166	56	1
166	57	1
166	58	1
166	59	1
166	60	0
167	1	0
167	2	1
167	3	1
167	4	2
167	5	1
167	6	1
167	7	2
167	8	2
167	9	2
167	10	2
167	11	1
167	12	1
167	13	0
167	14	1
167	15	2
167	16	2
167	17	1
167	18	1
167	19	2
167	20	1
167	21	2
167	22	2
167	23	2
167	24	2
167	25	0
167	26	1
167	27	1
167	28	2
167	29	1
167	30	2
167	31	2
167	32	2
167	33	1
167	34	1
167	35	2
167	36	2
167	37	0
167	38	1
167	39	2
167	40	1
167	41	1
167	42	2
167	43	2
167	44	2
167	45	1
167	46	2
167	47	2
167	48	2
167	49	0
167	50	1
167	51	2
167	52	2
167	53	1
167	54	2
167	55	3
167	56	2
167	57	1
167	58	2
167	59	2
167	60	2
168	1	0
168	2	0
168	3	0
168	4	0
168	5	0
168	6	1
168	7	1
168	8	0
168	9	1
168	10	1
168	11	1
168	12	1
168	13	0
168	14	0
168	15	0
168	16	0
168	17	1
168	18	1
168	19	1
168	20	0
168	21	1
168	22	1
168	23	1
168	24	1
168	25	0
168	26	0
168	27	0
168	28	0
168	29	1
168	30	1
168	31	1
168	32	0
168	33	1
168	34	1
168	35	1
168	36	1
168	37	0
168	38	0
168	39	0
168	40	0
168	41	1
168	42	1
168	43	1
168	44	0
168	45	1
168	46	1
168	47	1
168	48	1
168	49	0
168	50	0
168	51	0
168	52	0
168	53	0
168	54	1
168	55	0
168	56	0
168	57	1
168	58	1
168	59	1
168	60	1
169	1	0
169	2	0
169	3	0
169	4	1
169	5	0
169	6	0
169	7	1
169	8	1
169	9	0
169	10	1
169	11	2
169	12	1
169	13	0
169	14	0
169	15	0
169	16	0
169	17	0
169	18	0
169	19	1
169	20	1
169	21	0
169	22	1
169	23	1
169	24	1
169	25	0
169	26	0
169	27	0
169	28	1
169	29	0
169	30	0
169	31	1
169	32	1
169	33	1
169	34	1
169	35	1
169	36	1
169	37	0
169	38	0
169	39	0
169	40	0
169	41	0
169	42	1
169	43	1
169	44	1
169	45	1
169	46	1
169	47	1
169	48	1
169	49	0
169	50	0
169	51	0
169	52	0
169	53	0
169	54	1
169	55	1
169	56	1
169	57	0
169	58	1
169	59	1
169	60	1
170	1	0
170	2	0
170	3	0
170	4	1
170	5	0
170	6	0
170	7	1
170	8	1
170	9	0
170	10	1
170	11	1
170	12	1
170	13	0
170	14	0
170	15	0
170	16	0
170	17	0
170	18	0
170	19	1
170	20	1
170	21	0
170	22	0
170	23	1
170	24	1
170	25	0
170	26	0
170	27	0
170	28	0
170	29	0
170	30	0
170	31	1
170	32	1
170	33	0
170	34	0
170	35	1
170	36	1
170	37	0
170	38	0
170	39	0
170	40	1
170	41	0
170	42	0
170	43	1
170	44	1
170	45	0
170	46	0
170	47	1
170	48	1
170	49	0
170	50	0
170	51	0
170	52	0
170	53	0
170	54	0
170	55	1
170	56	1
170	57	0
170	58	1
170	59	1
170	60	1
171	1	0
171	2	0
171	3	0
171	4	0
171	5	0
171	6	0
171	7	0
171	8	0
171	9	0
171	10	1
171	11	0
171	12	0
171	13	0
171	14	0
171	15	0
171	16	0
171	17	0
171	18	0
171	19	0
171	20	0
171	21	0
171	22	0
171	23	0
171	24	0
171	25	0
171	26	0
171	27	0
171	28	0
171	29	0
171	30	0
171	31	0
171	32	0
171	33	0
171	34	0
171	35	0
171	36	0
171	37	0
171	38	0
171	39	0
171	40	0
171	41	0
171	42	0
171	43	0
171	44	0
171	45	0
171	46	0
171	47	0
171	48	0
171	49	0
171	50	0
171	51	0
171	52	0
171	53	0
171	54	0
171	55	0
171	56	0
171	57	0
171	58	0
171	59	0
171	60	0
172	1	0
172	2	0
172	3	1
172	4	1
172	5	0
172	6	0
172	7	2
172	8	3
172	9	0
172	10	1
172	11	4
172	12	3
172	13	0
172	14	0
172	15	0
172	16	1
172	17	0
172	18	1
172	19	2
172	20	2
172	21	0
172	22	1
172	23	3
172	24	3
172	25	1
172	26	0
172	27	1
172	28	2
172	29	0
172	30	0
172	31	2
172	32	4
172	33	0
172	34	1
172	35	3
172	36	3
172	37	0
172	38	0
172	39	1
172	40	1
172	41	0
172	42	0
172	43	2
172	44	3
172	45	0
172	46	2
172	47	4
172	48	3
172	49	0
172	50	0
172	51	1
172	52	1
172	53	0
172	54	0
172	55	2
172	56	2
172	57	0
172	58	1
172	59	3
172	60	3
173	1	0
173	2	0
173	3	0
173	4	0
173	5	0
173	6	0
173	7	1
173	8	0
173	9	0
173	10	1
173	11	1
173	12	1
173	13	0
173	14	0
173	15	0
173	16	0
173	17	0
173	18	0
173	19	1
173	20	0
173	21	0
173	22	1
173	23	1
173	24	1
173	25	0
173	26	0
173	27	0
173	28	0
173	29	0
173	30	0
173	31	0
173	32	0
173	33	0
173	34	1
173	35	1
173	36	1
173	37	0
173	38	0
173	39	0
173	40	0
173	41	0
173	42	0
173	43	0
173	44	1
173	45	0
173	46	0
173	47	1
173	48	1
173	49	0
173	50	0
173	51	0
173	52	0
173	53	0
173	54	0
173	55	1
173	56	0
173	57	0
173	58	1
173	59	1
173	60	1
174	1	0
174	2	0
174	3	0
174	4	0
174	5	0
174	6	0
174	7	1
174	8	1
174	9	0
174	10	1
174	11	1
174	12	1
174	13	0
174	14	0
174	15	0
174	16	1
174	17	0
174	18	0
174	19	1
174	20	1
174	21	0
174	22	1
174	23	1
174	24	2
174	25	0
174	26	0
174	27	0
174	28	0
174	29	1
174	30	0
174	31	1
174	32	1
174	33	1
174	34	1
174	35	1
174	36	1
174	37	0
174	38	0
174	39	0
174	40	0
174	41	0
174	42	1
174	43	1
174	44	1
174	45	1
174	46	1
174	47	1
174	48	1
174	49	0
174	50	0
174	51	0
174	52	0
174	53	0
174	54	0
174	55	1
174	56	1
174	57	1
174	58	1
174	59	1
174	60	1
175	1	0
175	2	0
175	3	0
175	4	0
175	5	1
175	6	1
175	7	1
175	8	1
175	9	1
175	10	1
175	11	1
175	12	1
175	13	0
175	14	0
175	15	0
175	16	0
175	17	1
175	18	1
175	19	0
175	20	0
175	21	1
175	22	1
175	23	1
175	24	1
175	25	0
175	26	0
175	27	0
175	28	0
175	29	1
175	30	1
175	31	1
175	32	1
175	33	1
175	34	1
175	35	1
175	36	1
175	37	0
175	38	0
175	39	0
175	40	0
175	41	1
175	42	1
175	43	1
175	44	0
175	45	1
175	46	1
175	47	1
175	48	0
175	49	0
175	50	0
175	51	0
175	52	0
175	53	0
175	54	1
175	55	1
175	56	0
175	57	1
175	58	1
175	59	1
175	60	1
176	1	0
176	2	0
176	3	0
176	4	0
176	5	0
176	6	0
176	7	0
176	8	0
176	9	1
176	10	1
176	11	1
176	12	0
176	13	0
176	14	0
176	15	0
176	16	0
176	17	0
176	18	0
176	19	0
176	20	0
176	21	1
176	22	1
176	23	1
176	24	0
176	25	0
176	26	0
176	27	0
176	28	0
176	29	0
176	30	0
176	31	0
176	32	0
176	33	1
176	34	1
176	35	1
176	36	1
176	37	0
176	38	0
176	39	0
176	40	0
176	41	0
176	42	0
176	43	0
176	44	0
176	45	1
176	46	1
176	47	1
176	48	0
176	49	0
176	50	0
176	51	0
176	52	0
176	53	0
176	54	1
176	55	1
176	56	0
176	57	1
176	58	1
176	59	1
176	60	0
188	1	0
188	2	0
188	3	0
188	4	0
188	5	0
188	6	0
188	7	1
188	8	1
188	9	1
188	10	1
188	11	1
188	12	0
188	13	0
188	14	0
188	15	0
188	16	0
188	17	0
188	18	1
188	19	1
188	20	1
188	21	1
188	22	1
188	23	1
188	24	2
188	25	0
188	26	0
188	27	0
188	28	0
188	29	0
188	30	1
188	31	1
188	32	1
188	33	1
188	34	1
188	35	0
188	36	1
188	37	0
188	38	0
188	39	0
188	40	0
188	41	0
188	42	0
188	43	2
188	44	1
188	45	1
188	46	1
188	47	1
188	48	2
188	49	0
188	50	0
188	51	0
188	52	1
188	53	0
188	54	1
188	55	2
188	56	1
188	57	0
188	58	1
188	59	1
188	60	1
189	1	0
189	2	0
189	3	0
189	4	0
189	5	0
189	6	0
189	7	0
189	8	0
189	9	1
189	10	1
189	11	0
189	12	0
189	13	0
189	14	0
189	15	0
189	16	0
189	17	0
189	18	0
189	19	0
189	20	0
189	21	1
189	22	1
189	23	1
189	24	0
189	25	0
189	26	0
189	27	0
189	28	0
189	29	0
189	30	0
189	31	0
189	32	0
189	33	1
189	34	1
189	35	0
189	36	0
189	37	0
189	38	0
189	39	0
189	40	0
189	41	0
189	42	0
189	43	0
189	44	0
189	45	1
189	46	1
189	47	0
189	48	0
189	49	0
189	50	0
189	51	0
189	52	0
189	53	0
189	54	0
189	55	0
189	56	0
189	57	0
189	58	1
189	59	0
189	60	0
190	1	0
190	2	0
190	3	1
190	4	1
190	5	0
190	6	1
190	7	1
190	8	2
190	9	1
190	10	2
190	11	2
190	12	2
190	13	0
190	14	0
190	15	1
190	16	1
190	17	0
190	18	1
190	19	2
190	20	1
190	21	1
190	22	2
190	23	2
190	24	2
190	25	0
190	26	0
190	27	1
190	28	1
190	29	0
190	30	1
190	31	2
190	32	1
190	33	1
190	34	2
190	35	2
190	36	2
190	37	0
190	38	0
190	39	1
190	40	1
190	41	1
190	42	1
190	43	2
190	44	1
190	45	1
190	46	2
190	47	2
190	48	1
190	49	0
190	50	0
190	51	1
190	52	1
190	53	1
190	54	1
190	55	1
190	56	2
190	57	1
190	58	2
190	59	2
190	60	2
191	1	0
191	2	0
191	3	0
191	4	0
191	5	0
191	6	0
191	7	0
191	8	0
191	9	0
191	10	0
191	11	0
191	12	0
191	13	0
191	14	0
191	15	0
191	16	0
191	17	0
191	18	0
191	19	0
191	20	0
191	21	0
191	22	0
191	23	0
191	24	1
191	25	0
191	26	0
191	27	0
191	28	0
191	29	0
191	30	0
191	31	0
191	32	0
191	33	0
191	34	0
191	35	0
191	36	2
191	37	0
191	38	0
191	39	0
191	40	0
191	41	0
191	42	0
191	43	0
191	44	0
191	45	0
191	46	0
191	47	1
191	48	3
191	49	0
191	50	0
191	51	0
191	52	0
191	53	0
191	54	0
191	55	0
191	56	0
191	57	0
191	58	1
191	59	1
191	60	2
192	1	0
192	2	0
192	3	1
192	4	3
192	5	0
192	6	0
192	7	6
192	8	8
192	9	0
192	10	1
192	11	7
192	12	7
192	13	0
192	14	0
192	15	1
192	16	2
192	17	0
192	18	0
192	19	5
192	20	7
192	21	0
192	22	2
192	23	8
192	24	8
192	25	0
192	26	0
192	27	0
192	28	1
192	29	0
192	30	0
192	31	4
192	32	4
192	33	0
192	34	0
192	35	8
192	36	9
192	37	0
192	38	0
192	39	0
192	40	2
192	41	0
192	42	0
192	43	4
192	44	6
192	45	0
192	46	2
192	47	8
192	48	9
192	49	0
192	50	0
192	51	0
192	52	0
192	53	0
192	54	0
192	55	4
192	56	5
192	57	1
192	58	1
192	59	7
192	60	9
193	1	0
193	2	0
193	3	0
193	4	0
193	5	0
193	6	0
193	7	0
193	8	0
193	9	0
193	10	1
193	11	1
193	12	0
193	13	0
193	14	0
193	15	0
193	16	0
193	17	0
193	18	0
193	19	1
193	20	0
193	21	0
193	22	1
193	23	1
193	24	0
193	25	0
193	26	0
193	27	0
193	28	0
193	29	0
193	30	0
193	31	0
193	32	0
193	33	1
193	34	1
193	35	1
193	36	1
193	37	0
193	38	0
193	39	0
193	40	0
193	41	0
193	42	0
193	43	1
193	44	0
193	45	1
193	46	1
193	47	1
193	48	1
193	49	0
193	50	0
193	51	0
193	52	0
193	53	0
193	54	0
193	55	0
193	56	0
193	57	1
193	58	1
193	59	1
193	60	0
194	1	0
194	2	0
194	3	0
194	4	0
194	5	0
194	6	0
194	7	2
194	8	2
194	9	0
194	10	0
194	11	4
194	12	5
194	13	0
194	14	0
194	15	0
194	16	1
194	17	0
194	18	0
194	19	1
194	20	2
194	21	0
194	22	1
194	23	1
194	24	5
194	25	0
194	26	0
194	27	0
194	28	1
194	29	0
194	30	0
194	31	2
194	32	1
194	33	1
194	34	1
194	35	2
194	36	3
194	37	0
194	38	0
194	39	0
194	40	0
194	41	0
194	42	0
194	43	2
194	44	3
194	45	1
194	46	1
194	47	4
194	48	3
194	49	0
194	50	0
194	51	0
194	52	0
194	53	0
194	54	0
194	55	2
194	56	2
194	57	1
194	58	1
194	59	3
194	60	4
195	1	0
195	2	0
195	3	0
195	4	0
195	5	0
195	6	0
195	7	1
195	8	1
195	9	0
195	10	0
195	11	2
195	12	2
195	13	0
195	14	0
195	15	0
195	16	0
195	17	0
195	18	0
195	19	1
195	20	1
195	21	0
195	22	0
195	23	2
195	24	3
195	25	0
195	26	0
195	27	0
195	28	0
195	29	0
195	30	0
195	31	1
195	32	1
195	33	0
195	34	0
195	35	2
195	36	5
195	37	0
195	38	0
195	39	0
195	40	0
195	41	0
195	42	0
195	43	0
195	44	2
195	45	0
195	46	0
195	47	3
195	48	5
195	49	0
195	50	0
195	51	0
195	52	0
195	53	0
195	54	0
195	55	0
195	56	2
195	57	0
195	58	0
195	59	2
195	60	4
196	1	0
196	2	0
196	3	0
196	4	0
196	5	0
196	6	0
196	7	0
196	8	0
196	9	0
196	10	0
196	11	3
196	12	4
196	13	0
196	14	0
196	15	0
196	16	0
196	17	0
196	18	0
196	19	1
196	20	0
196	21	0
196	22	0
196	23	3
196	24	4
196	25	0
196	26	0
196	27	0
196	28	0
196	29	0
196	30	0
196	31	2
196	32	3
196	33	0
196	34	0
196	35	3
196	36	2
196	37	0
196	38	0
196	39	1
196	40	0
196	41	0
196	42	0
196	43	1
196	44	1
196	45	0
196	46	0
196	47	2
196	48	6
196	49	0
196	50	0
196	51	0
196	52	0
196	53	0
196	54	0
196	55	0
196	56	0
196	57	0
196	58	0
196	59	1
196	60	2
210	1	0
210	2	0
210	3	1
210	4	1
210	5	0
210	6	1
210	7	2
210	8	2
210	9	1
210	10	1
210	11	2
210	12	2
210	13	0
210	14	0
210	15	1
210	16	1
210	17	0
210	18	0
210	19	2
210	20	2
210	21	0
210	22	1
210	23	2
210	24	2
210	25	0
210	26	0
210	27	1
210	28	1
210	29	0
210	30	1
210	31	2
210	32	2
210	33	1
210	34	1
210	35	2
210	36	2
210	37	0
210	38	1
210	39	1
210	40	1
210	41	1
210	42	1
210	43	2
210	44	1
210	45	1
210	46	1
210	47	2
210	48	2
210	49	0
210	50	0
210	51	1
210	52	1
210	53	0
210	54	1
210	55	2
210	56	2
210	57	0
210	58	1
210	59	2
210	60	2
211	1	0
211	2	0
211	3	0
211	4	0
211	5	0
211	6	0
211	7	0
211	8	0
211	9	0
211	10	1
211	11	1
211	12	0
211	13	0
211	14	0
211	15	0
211	16	0
211	17	0
211	18	0
211	19	0
211	20	0
211	21	1
211	22	1
211	23	1
211	24	0
211	25	0
211	26	0
211	27	0
211	28	0
211	29	0
211	30	0
211	31	0
211	32	0
211	33	1
211	34	1
211	35	1
211	36	0
211	37	0
211	38	0
211	39	0
211	40	0
211	41	0
211	42	0
211	43	0
211	44	0
211	45	1
211	46	1
211	47	1
211	48	1
211	49	0
211	50	0
211	51	0
211	52	0
211	53	0
211	54	1
211	55	0
211	56	0
211	57	1
211	58	1
211	59	1
211	60	1
212	1	0
212	2	0
212	3	0
212	4	0
212	5	0
212	6	0
212	7	0
212	8	1
212	9	0
212	10	0
212	11	0
212	12	2
212	13	0
212	14	0
212	15	0
212	16	0
212	17	0
212	18	0
212	19	1
212	20	0
212	21	0
212	22	0
212	23	2
212	24	1
212	25	0
212	26	0
212	27	0
212	28	0
212	29	0
212	30	0
212	31	2
212	32	1
212	33	0
212	34	0
212	35	1
212	36	1
212	37	0
212	38	0
212	39	0
212	40	0
212	41	0
212	42	0
212	43	1
212	44	1
212	45	0
212	46	0
212	47	2
212	48	0
212	49	0
212	50	0
212	51	0
212	52	0
212	53	0
212	54	0
212	55	0
212	56	1
212	57	0
212	58	0
212	59	1
212	60	0
213	1	0
213	2	0
213	3	0
213	4	0
213	5	0
213	6	0
213	7	0
213	8	0
213	9	0
213	10	0
213	11	0
213	12	0
213	13	0
213	14	0
213	15	0
213	16	0
213	17	0
213	18	0
213	19	0
213	20	0
213	21	0
213	22	0
213	23	0
213	24	0
213	25	0
213	26	0
213	27	0
213	28	0
213	29	0
213	30	0
213	31	0
213	32	0
213	33	0
213	34	0
213	35	0
213	36	0
213	37	0
213	38	0
213	39	0
213	40	0
213	41	0
213	42	0
213	43	0
213	44	0
213	45	0
213	46	0
213	47	0
213	48	0
213	49	0
213	50	0
213	51	0
213	52	0
213	53	0
213	54	0
213	55	0
213	56	0
213	57	0
213	58	0
213	59	0
213	60	0
214	1	0
214	2	0
214	3	1
214	4	1
214	5	0
214	6	1
214	7	3
214	8	1
214	9	1
214	10	2
214	11	2
214	12	2
214	13	0
214	14	0
214	15	0
214	16	1
214	17	0
214	18	0
214	19	2
214	20	2
214	21	0
214	22	1
214	23	3
214	24	2
214	25	0
214	26	0
214	27	1
214	28	0
214	29	0
214	30	0
214	31	3
214	32	1
214	33	0
214	34	1
214	35	2
214	36	2
214	37	0
214	38	0
214	39	1
214	40	1
214	41	0
214	42	0
214	43	2
214	44	1
214	45	0
214	46	2
214	47	2
214	48	2
214	49	0
214	50	0
214	51	0
214	52	2
214	53	0
214	54	0
214	55	1
214	56	0
214	57	1
214	58	1
214	59	1
214	60	2
215	1	0
215	2	0
215	3	0
215	4	0
215	5	1
215	6	1
215	7	0
215	8	0
215	9	0
215	10	0
215	11	1
215	12	0
215	13	0
215	14	0
215	15	0
215	16	0
215	17	0
215	18	0
215	19	1
215	20	0
215	21	0
215	22	0
215	23	1
215	24	1
215	25	0
215	26	0
215	27	1
215	28	0
215	29	0
215	30	0
215	31	1
215	32	0
215	33	1
215	34	1
215	35	1
215	36	1
215	37	0
215	38	0
215	39	0
215	40	0
215	41	0
215	42	1
215	43	1
215	44	0
215	45	0
215	46	1
215	47	1
215	48	1
215	49	0
215	50	0
215	51	0
215	52	0
215	53	0
215	54	0
215	55	1
215	56	1
215	57	1
215	58	1
215	59	1
215	60	1
216	1	0
216	2	0
216	3	0
216	4	0
216	5	0
216	6	1
216	7	1
216	8	1
216	9	1
216	10	1
216	11	1
216	12	1
216	13	0
216	14	0
216	15	1
216	16	1
216	17	0
216	18	1
216	19	1
216	20	1
216	21	1
216	22	1
216	23	2
216	24	1
216	25	0
216	26	0
216	27	0
216	28	0
216	29	1
216	30	1
216	31	1
216	32	1
216	33	1
216	34	1
216	35	2
216	36	1
216	37	0
216	38	0
216	39	0
216	40	0
216	41	1
216	42	1
216	43	1
216	44	1
216	45	1
216	46	1
216	47	1
216	48	1
216	49	1
216	50	0
216	51	0
216	52	0
216	53	1
216	54	1
216	55	1
216	56	0
216	57	1
216	58	1
216	59	1
216	60	2
217	1	0
217	2	0
217	3	1
217	4	2
217	5	2
217	6	1
217	7	2
217	8	3
217	9	1
217	10	2
217	11	4
217	12	2
217	13	0
217	14	0
217	15	2
217	16	1
217	17	1
217	18	1
217	19	2
217	20	2
217	21	1
217	22	2
217	23	2
217	24	2
217	25	0
217	26	0
217	27	1
217	28	1
217	29	1
217	30	1
217	31	2
217	32	2
217	33	1
217	34	2
217	35	2
217	36	2
217	37	0
217	38	1
217	39	1
217	40	1
217	41	1
217	42	1
217	43	2
217	44	1
217	45	1
217	46	2
217	47	1
217	48	1
217	49	0
217	50	1
217	51	1
217	52	1
217	53	1
217	54	1
217	55	1
217	56	1
217	57	1
217	58	1
217	59	1
217	60	1
218	1	0
218	2	0
218	3	1
218	4	1
218	5	0
218	6	0
218	7	2
218	8	2
218	9	0
218	10	1
218	11	2
218	12	3
218	13	0
218	14	0
218	15	0
218	16	1
218	17	1
218	18	0
218	19	2
218	20	2
218	21	0
218	22	1
218	23	2
218	24	3
218	25	0
218	26	0
218	27	0
218	28	0
218	29	1
218	30	0
218	31	1
218	32	2
218	33	0
218	34	0
218	35	3
218	36	2
218	37	0
218	38	0
218	39	1
218	40	1
218	41	0
218	42	0
218	43	2
218	44	2
218	45	0
218	46	2
218	47	2
218	48	3
218	49	0
218	50	0
218	51	1
218	52	1
218	53	0
218	54	0
218	55	1
218	56	2
218	57	0
218	58	1
218	59	3
218	60	3
219	1	0
219	2	0
219	3	0
219	4	0
219	5	0
219	6	1
219	7	1
219	8	1
219	9	1
219	10	1
219	11	1
219	12	1
219	13	0
219	14	0
219	15	0
219	16	0
219	17	0
219	18	1
219	19	1
219	20	1
219	21	1
219	22	1
219	23	1
219	24	1
219	25	0
219	26	0
219	27	0
219	28	0
219	29	0
219	30	1
219	31	1
219	32	0
219	33	1
219	34	1
219	35	1
219	36	1
219	37	0
219	38	0
219	39	0
219	40	0
219	41	0
219	42	1
219	43	0
219	44	0
219	45	1
219	46	1
219	47	1
219	48	1
219	49	0
219	50	0
219	51	0
219	52	0
219	53	0
219	54	1
219	55	0
219	56	0
219	57	1
219	58	1
219	59	1
219	60	1
220	1	0
220	2	0
220	3	1
220	4	1
220	5	0
220	6	0
220	7	2
220	8	2
220	9	0
220	10	1
220	11	3
220	12	2
220	13	0
220	14	0
220	15	1
220	16	1
220	17	0
220	18	1
220	19	2
220	20	2
220	21	1
220	22	1
220	23	2
220	24	2
220	25	0
220	26	0
220	27	1
220	28	1
220	29	0
220	30	1
220	31	1
220	32	0
220	33	0
220	34	1
220	35	2
220	36	2
220	37	0
220	38	0
220	39	1
220	40	1
220	41	1
220	42	0
220	43	2
220	44	2
220	45	0
220	46	1
220	47	2
220	48	2
220	49	0
220	50	0
220	51	1
220	52	1
220	53	0
220	54	0
220	55	1
220	56	2
220	57	1
220	58	1
220	59	2
220	60	2
221	1	0
221	2	0
221	3	0
221	4	0
221	5	0
221	6	1
221	7	1
221	8	0
221	9	1
221	10	1
221	11	1
221	12	1
221	13	0
221	14	0
221	15	0
221	16	0
221	17	0
221	18	1
221	19	1
221	20	1
221	21	1
221	22	1
221	23	1
221	24	1
221	25	0
221	26	0
221	27	0
221	28	0
221	29	0
221	30	1
221	31	0
221	32	0
221	33	1
221	34	1
221	35	1
221	36	1
221	37	0
221	38	0
221	39	0
221	40	0
221	41	0
221	42	1
221	43	0
221	44	0
221	45	1
221	46	1
221	47	1
221	48	0
221	49	0
221	50	0
221	51	0
221	52	0
221	53	0
221	54	0
221	55	0
221	56	0
221	57	1
221	58	1
221	59	0
221	60	0
222	1	0
222	2	0
222	3	0
222	4	0
222	5	0
222	6	1
222	7	0
222	8	0
222	9	1
222	10	1
222	11	1
222	12	0
222	13	0
222	14	0
222	15	0
222	16	0
222	17	0
222	18	0
222	19	0
222	20	0
222	21	1
222	22	1
222	23	1
222	24	1
222	25	0
222	26	0
222	27	0
222	28	0
222	29	0
222	30	0
222	31	0
222	32	0
222	33	1
222	34	1
222	35	1
222	36	1
222	37	0
222	38	0
222	39	0
222	40	0
222	41	1
222	42	1
222	43	0
222	44	0
222	45	1
222	46	1
222	47	1
222	48	0
222	49	0
222	50	0
222	51	0
222	52	0
222	53	0
222	54	1
222	55	0
222	56	0
222	57	1
222	58	1
222	59	1
222	60	0
223	1	0
223	2	0
223	3	0
223	4	0
223	5	0
223	6	0
223	7	0
223	8	0
223	9	0
223	10	0
223	11	0
223	12	0
223	13	0
223	14	0
223	15	0
223	16	0
223	17	0
223	18	0
223	19	0
223	20	0
223	21	0
223	22	0
223	23	0
223	24	0
223	25	0
223	26	0
223	27	0
223	28	0
223	29	0
223	30	0
223	31	0
223	32	0
223	33	0
223	34	0
223	35	0
223	36	0
223	37	0
223	38	0
223	39	0
223	40	0
223	41	0
223	42	0
223	43	0
223	44	0
223	45	0
223	46	0
223	47	0
223	48	0
223	49	0
223	50	0
223	51	0
223	52	0
223	53	0
223	54	0
223	55	0
223	56	0
223	57	0
223	58	0
223	59	0
223	60	0
225	1	0
225	2	0
225	3	0
225	4	0
225	5	0
225	6	0
225	7	0
225	8	0
225	9	1
225	10	1
225	11	0
225	12	0
225	13	0
225	14	0
225	15	0
225	16	0
225	17	0
225	18	0
225	19	0
225	20	0
225	21	0
225	22	1
225	23	0
225	24	0
225	25	0
225	26	0
225	27	0
225	28	0
225	29	0
225	30	0
225	31	0
225	32	0
225	33	0
225	34	0
225	35	0
225	36	0
225	37	0
225	38	0
225	39	0
225	40	0
225	41	0
225	42	0
225	43	0
225	44	0
225	45	0
225	46	1
225	47	0
225	48	0
225	49	0
225	50	0
225	51	0
225	52	0
225	53	0
225	54	0
225	55	0
225	56	0
225	57	0
225	58	1
225	59	0
225	60	0
226	1	0
226	2	0
226	3	0
226	4	0
226	5	0
226	6	0
226	7	0
226	8	0
226	9	0
226	10	1
226	11	0
226	12	0
226	13	0
226	14	0
226	15	0
226	16	0
226	17	0
226	18	0
226	19	0
226	20	0
226	21	1
226	22	1
226	23	0
226	24	0
226	25	0
226	26	0
226	27	0
226	28	0
226	29	0
226	30	0
226	31	0
226	32	0
226	33	1
226	34	0
226	35	0
226	36	0
226	37	0
226	38	0
226	39	0
226	40	0
226	41	0
226	42	0
226	43	0
226	44	0
226	45	0
226	46	0
226	47	0
226	48	0
226	49	0
226	50	0
226	51	0
226	52	0
226	53	0
226	54	0
226	55	0
226	56	0
226	57	0
226	58	1
226	59	0
226	60	0
227	1	0
227	2	0
227	3	1
227	4	0
227	5	0
227	6	1
227	7	2
227	8	1
227	9	1
227	10	2
227	11	2
227	12	2
227	13	0
227	14	0
227	15	0
227	16	0
227	17	0
227	18	1
227	19	1
227	20	0
227	21	1
227	22	2
227	23	2
227	24	2
227	25	0
227	26	0
227	27	0
227	28	0
227	29	0
227	30	1
227	31	2
227	32	1
227	33	1
227	34	2
227	35	2
227	36	1
227	37	0
227	38	0
227	39	0
227	40	0
227	41	0
227	42	1
227	43	2
227	44	1
227	45	1
227	46	2
227	47	2
227	48	1
227	49	0
227	50	0
227	51	0
227	52	1
227	53	0
227	54	1
227	55	1
227	56	1
227	57	1
227	58	1
227	59	1
227	60	1
228	1	0
228	2	0
228	3	0
228	4	0
228	5	0
228	6	0
228	7	0
228	8	0
228	9	0
228	10	1
228	11	0
228	12	0
228	13	0
228	14	0
228	15	0
228	16	0
228	17	0
228	18	0
228	19	0
228	20	0
228	21	0
228	22	0
228	23	0
228	24	0
228	25	0
228	26	0
228	27	0
228	28	0
228	29	0
228	30	0
228	31	0
228	32	0
228	33	0
228	34	0
228	35	1
228	36	0
228	37	0
228	38	0
228	39	0
228	40	0
228	41	0
228	42	0
228	43	0
228	44	0
228	45	0
228	46	1
228	47	0
228	48	0
228	49	0
228	50	0
228	51	0
228	52	0
228	53	0
228	54	0
228	55	0
228	56	0
228	57	0
228	58	1
228	59	0
228	60	0
229	1	0
229	2	0
229	3	0
229	4	0
229	5	0
229	6	0
229	7	0
229	8	0
229	9	0
229	10	0
229	11	0
229	12	0
229	13	0
229	14	0
229	15	0
229	16	0
229	17	0
229	18	0
229	19	0
229	20	0
229	21	1
229	22	1
229	23	1
229	24	0
229	25	0
229	26	0
229	27	0
229	28	0
229	29	0
229	30	0
229	31	0
229	32	0
229	33	1
229	34	0
229	35	0
229	36	0
229	37	0
229	38	0
229	39	0
229	40	0
229	41	0
229	42	0
229	43	0
229	44	0
229	45	0
229	46	1
229	47	0
229	48	0
229	49	0
229	50	0
229	51	0
229	52	0
229	53	0
229	54	0
229	55	0
229	56	0
229	57	1
229	58	1
229	59	0
229	60	0
231	1	0
231	2	0
231	3	0
231	4	0
231	5	0
231	6	0
231	7	0
231	8	0
231	9	1
231	10	1
231	11	0
231	12	0
231	13	0
231	14	0
231	15	0
231	16	0
231	17	0
231	18	0
231	19	0
231	20	0
231	21	1
231	22	1
231	23	0
231	24	0
231	25	0
231	26	0
231	27	0
231	28	0
231	29	0
231	30	0
231	31	0
231	32	0
231	33	1
231	34	1
231	35	1
231	36	0
231	37	0
231	38	0
231	39	0
231	40	0
231	41	0
231	42	0
231	43	0
231	44	0
231	45	1
231	46	1
231	47	0
231	48	0
231	49	0
231	50	0
231	51	0
231	52	0
231	53	0
231	54	0
231	55	0
231	56	0
231	57	1
231	58	1
231	59	0
231	60	0
232	1	0
232	2	1
232	3	2
232	4	2
232	5	1
232	6	1
232	7	2
232	8	2
232	9	1
232	10	2
232	11	2
232	12	2
232	13	0
232	14	0
232	15	2
232	16	1
232	17	1
232	18	2
232	19	2
232	20	2
232	21	1
232	22	2
232	23	2
232	24	2
232	25	0
232	26	0
232	27	1
232	28	1
232	29	1
232	30	1
232	31	2
232	32	1
232	33	1
232	34	2
232	35	2
232	36	2
232	37	0
232	38	0
232	39	1
232	40	1
232	41	1
232	42	1
232	43	2
232	44	2
232	45	1
232	46	2
232	47	2
232	48	1
232	49	0
232	50	1
232	51	1
232	52	1
232	53	1
232	54	1
232	55	1
232	56	1
232	57	1
232	58	2
232	59	2
232	60	2
233	1	0
233	2	1
233	3	2
233	4	2
233	5	1
233	6	2
233	7	3
233	8	3
233	9	1
233	10	2
233	11	2
233	12	2
233	13	0
233	14	0
233	15	2
233	16	3
233	17	0
233	18	1
233	19	2
233	20	4
233	21	2
233	22	2
233	23	3
233	24	2
233	25	0
233	26	0
233	27	2
233	28	2
233	29	1
233	30	2
233	31	3
233	32	3
233	33	1
233	34	2
233	35	2
233	36	2
233	37	0
233	38	0
233	39	2
233	40	2
233	41	1
233	42	1
233	43	3
233	44	3
233	45	2
233	46	2
233	47	2
233	48	2
233	49	0
233	50	0
233	51	2
233	52	2
233	53	1
233	54	1
233	55	2
233	56	3
233	57	2
233	58	2
233	59	2
233	60	3
234	1	0
234	2	0
234	3	1
234	4	1
234	5	0
234	6	1
234	7	1
234	8	1
234	9	1
234	10	1
234	11	1
234	12	1
234	13	0
234	14	0
234	15	1
234	16	0
234	17	1
234	18	1
234	19	1
234	20	1
234	21	1
234	22	1
234	23	1
234	24	1
234	25	0
234	26	0
234	27	0
234	28	1
234	29	1
234	30	1
234	31	1
234	32	1
234	33	1
234	34	1
234	35	1
234	36	1
234	37	0
234	38	0
234	39	1
234	40	0
234	41	0
234	42	1
234	43	1
234	44	1
234	45	1
234	46	1
234	47	1
234	48	1
234	49	0
234	50	0
234	51	1
234	52	0
234	53	0
234	54	1
234	55	1
234	56	1
234	57	1
234	58	1
234	59	1
234	60	1
235	1	0
235	2	0
235	3	0
235	4	0
235	5	0
235	6	1
235	7	0
235	8	0
235	9	1
235	10	1
235	11	1
235	12	1
235	13	0
235	14	0
235	15	0
235	16	0
235	17	0
235	18	0
235	19	0
235	20	0
235	21	1
235	22	1
235	23	1
235	24	0
235	25	0
235	26	0
235	27	0
235	28	0
235	29	0
235	30	0
235	31	0
235	32	0
235	33	0
235	34	0
235	35	0
235	36	0
235	37	0
235	38	0
235	39	0
235	40	0
235	41	0
235	42	0
235	43	0
235	44	0
235	45	0
235	46	0
235	47	0
235	48	0
235	49	0
235	50	0
235	51	0
235	52	0
235	53	0
235	54	0
235	55	0
235	56	0
235	57	1
235	58	1
235	59	1
235	60	1
236	1	0
236	2	0
236	3	0
236	4	0
236	5	0
236	6	1
236	7	1
236	8	1
236	9	0
236	10	1
236	11	2
236	12	1
236	13	0
236	14	0
236	15	0
236	16	0
236	17	0
236	18	0
236	19	1
236	20	0
236	21	0
236	22	1
236	23	1
236	24	1
236	25	0
236	26	0
236	27	0
236	28	0
236	29	0
236	30	1
236	31	1
236	32	0
236	33	1
236	34	1
236	35	0
236	36	1
236	37	0
236	38	0
236	39	0
236	40	0
236	41	0
236	42	1
236	43	1
236	44	0
236	45	1
236	46	1
236	47	0
236	48	1
236	49	0
236	50	0
236	51	0
236	52	0
236	53	0
236	54	1
236	55	1
236	56	0
236	57	1
236	58	1
236	59	1
236	60	1
237	1	0
237	2	0
237	3	1
237	4	1
237	5	0
237	6	0
237	7	2
237	8	2
237	9	1
237	10	1
237	11	2
237	12	2
237	13	0
237	14	0
237	15	1
237	16	1
237	17	0
237	18	1
237	19	1
237	20	2
237	21	1
237	22	1
237	23	2
237	24	2
237	25	0
237	26	0
237	27	1
237	28	1
237	29	0
237	30	0
237	31	2
237	32	2
237	33	1
237	34	1
237	35	2
237	36	2
237	37	0
237	38	0
237	39	1
237	40	1
237	41	0
237	42	1
237	43	2
237	44	2
237	45	1
237	46	1
237	47	2
237	48	2
237	49	0
237	50	0
237	51	1
237	52	1
237	53	0
237	54	0
237	55	2
237	56	2
237	57	1
237	58	1
237	59	1
237	60	1
238	1	0
238	2	0
238	3	0
238	4	0
238	5	0
238	6	0
238	7	1
238	8	1
238	9	0
238	10	0
238	11	1
238	12	1
238	13	0
238	14	0
238	15	0
238	16	0
238	17	0
238	18	0
238	19	0
238	20	1
238	21	0
238	22	0
238	23	1
238	24	1
238	25	0
238	26	0
238	27	0
238	28	0
238	29	0
238	30	0
238	31	1
238	32	1
238	33	0
238	34	0
238	35	1
238	36	1
238	37	0
238	38	0
238	39	0
238	40	0
238	41	0
238	42	0
238	43	1
238	44	0
238	45	0
238	46	0
238	47	1
238	48	1
238	49	0
238	50	0
238	51	0
238	52	0
238	53	0
238	54	0
238	55	0
238	56	1
238	57	0
238	58	0
238	59	1
238	60	1
239	1	0
239	2	0
239	3	1
239	4	0
239	5	0
239	6	1
239	7	1
239	8	1
239	9	1
239	10	1
239	11	1
239	12	1
239	13	0
239	14	0
239	15	1
239	16	0
239	17	1
239	18	1
239	19	1
239	20	1
239	21	1
239	22	1
239	23	1
239	24	1
239	25	0
239	26	0
239	27	0
239	28	0
239	29	1
239	30	1
239	31	1
239	32	1
239	33	1
239	34	1
239	35	1
239	36	1
239	37	0
239	38	0
239	39	0
239	40	0
239	41	1
239	42	1
239	43	1
239	44	1
239	45	1
239	46	1
239	47	1
239	48	1
239	49	0
239	50	0
239	51	0
239	52	0
239	53	0
239	54	1
239	55	1
239	56	0
239	57	1
239	58	1
239	59	1
239	60	1
240	1	0
240	2	0
240	3	1
240	4	1
240	5	0
240	6	1
240	7	2
240	8	2
240	9	1
240	10	1
240	11	2
240	12	2
240	13	0
240	14	0
240	15	1
240	16	1
240	17	0
240	18	1
240	19	2
240	20	2
240	21	1
240	22	1
240	23	2
240	24	2
240	25	0
240	26	0
240	27	1
240	28	1
240	29	0
240	30	1
240	31	1
240	32	1
240	33	1
240	34	2
240	35	2
240	36	2
240	37	0
240	38	0
240	39	1
240	40	1
240	41	0
240	42	1
240	43	2
240	44	2
240	45	1
240	46	1
240	47	2
240	48	2
240	49	0
240	50	0
240	51	1
240	52	1
240	53	0
240	54	1
240	55	1
240	56	2
240	57	1
240	58	1
240	59	2
240	60	2
241	1	0
241	2	1
241	3	2
241	4	9
241	5	1
241	6	2
241	7	4
241	8	4
241	9	2
241	10	2
241	11	5
241	12	4
241	13	0
241	14	0
241	15	2
241	16	3
241	17	1
241	18	2
241	19	2
241	20	4
241	21	2
241	22	2
241	23	5
241	24	5
241	25	0
241	26	0
241	27	1
241	28	2
241	29	1
241	30	2
241	31	5
241	32	6
241	33	1
241	34	2
241	35	7
241	36	5
241	37	0
241	38	0
241	39	2
241	40	3
241	41	1
241	42	1
241	43	7
241	44	5
241	45	1
241	46	2
241	47	4
241	48	4
241	49	0
241	50	0
241	51	1
241	52	2
241	53	1
241	54	1
241	55	3
241	56	3
241	57	2
241	58	2
241	59	4
241	60	3
242	1	0
242	2	0
242	3	1
242	4	0
242	5	1
242	6	1
242	7	1
242	8	1
242	9	1
242	10	1
242	11	1
242	12	1
242	13	0
242	14	0
242	15	1
242	16	1
242	17	1
242	18	1
242	19	1
242	20	1
242	21	1
242	22	1
242	23	1
242	24	1
242	25	0
242	26	0
242	27	1
242	28	1
242	29	0
242	30	1
242	31	1
242	32	1
242	33	1
242	34	1
242	35	1
242	36	1
242	37	0
242	38	1
242	39	1
242	40	0
242	41	1
242	42	1
242	43	1
242	44	1
242	45	1
242	46	1
242	47	1
242	48	1
242	49	0
242	50	0
242	51	1
242	52	1
242	53	0
242	54	1
242	55	1
242	56	1
242	57	1
242	58	1
242	59	1
242	60	1
246	1	0
246	2	0
246	3	0
246	4	0
246	5	0
246	6	0
246	7	0
246	8	0
246	9	0
246	10	0
246	11	0
246	12	0
246	13	0
246	14	0
246	15	0
246	16	0
246	17	0
246	18	0
246	19	0
246	20	0
246	21	0
246	22	0
246	23	0
246	24	0
246	25	0
246	26	0
246	27	0
246	28	0
246	29	0
246	30	0
246	31	0
246	32	0
246	33	0
246	34	1
246	35	0
246	36	0
246	37	0
246	38	0
246	39	0
246	40	0
246	41	0
246	42	0
246	43	0
246	44	0
246	45	0
246	46	0
246	47	0
246	48	0
246	49	0
246	50	0
246	51	0
246	52	0
246	53	0
246	54	0
246	55	0
246	56	0
246	57	0
246	58	0
246	59	0
246	60	0
247	1	0
247	2	0
247	3	0
247	4	0
247	5	0
247	6	0
247	7	1
247	8	0
247	9	0
247	10	1
247	11	1
247	12	1
247	13	0
247	14	0
247	15	0
247	16	0
247	17	0
247	18	0
247	19	0
247	20	0
247	21	0
247	22	1
247	23	1
247	24	0
247	25	0
247	26	0
247	27	0
247	28	0
247	29	0
247	30	0
247	31	0
247	32	0
247	33	0
247	34	0
247	35	1
247	36	0
247	37	0
247	38	0
247	39	0
247	40	0
247	41	0
247	42	0
247	43	0
247	44	0
247	45	0
247	46	0
247	47	0
247	48	0
247	49	0
247	50	0
247	51	0
247	52	0
247	53	0
247	54	0
247	55	0
247	56	0
247	57	1
247	58	1
247	59	1
247	60	1
249	1	0
249	2	0
249	3	0
249	4	0
249	5	0
249	6	1
249	7	0
249	8	0
249	9	1
249	10	1
249	11	1
249	12	0
249	13	0
249	14	0
249	15	0
249	16	0
249	17	0
249	18	0
249	19	0
249	20	0
249	21	1
249	22	1
249	23	1
249	24	0
249	25	0
249	26	0
249	27	0
249	28	0
249	29	0
249	30	0
249	31	0
249	32	0
249	33	1
249	34	1
249	35	1
249	36	0
249	37	0
249	38	0
249	39	0
249	40	0
249	41	0
249	42	0
249	43	0
249	44	0
249	45	0
249	46	0
250	1	0
250	2	0
250	3	0
250	4	0
250	5	0
250	6	1
250	7	0
250	8	0
250	9	1
250	10	1
250	11	1
250	12	1
250	13	0
250	14	0
250	15	0
250	16	0
250	17	0
250	18	1
250	19	0
250	20	0
250	21	1
250	22	1
250	23	1
250	24	1
250	25	0
250	26	0
250	27	0
250	28	0
250	29	0
250	30	1
250	31	0
250	32	0
250	33	1
250	34	1
250	35	1
250	36	0
250	37	0
250	38	0
250	39	0
250	40	0
250	41	0
250	42	0
250	43	0
250	44	0
250	45	1
250	46	1
250	47	1
250	48	0
250	49	0
250	50	0
250	51	0
250	52	0
250	53	0
250	54	1
250	55	0
250	56	0
250	57	1
250	58	1
250	59	1
250	60	0
251	1	0
251	2	0
251	3	0
251	4	0
251	5	0
251	6	1
251	7	1
251	8	1
251	9	1
251	10	1
251	11	1
251	12	1
251	13	0
251	14	0
251	15	1
251	16	0
251	17	0
251	18	1
251	19	1
251	20	1
251	21	1
251	22	1
251	23	1
251	24	1
251	25	0
251	26	0
251	27	0
251	28	0
251	29	0
251	30	1
251	31	1
251	32	1
251	33	1
251	34	1
251	35	1
251	36	1
251	37	0
251	38	0
251	39	0
251	40	0
251	41	1
251	42	1
251	43	1
251	44	1
251	45	1
251	46	1
251	47	1
251	48	1
251	49	0
251	50	0
251	51	1
251	52	0
251	53	1
251	54	1
251	55	1
251	56	1
251	57	1
251	58	1
251	59	1
251	60	1
252	1	0
252	2	0
252	3	0
252	4	0
252	5	0
252	6	0
252	7	2
252	8	2
252	9	1
252	10	1
252	11	4
252	12	4
252	13	0
252	14	0
252	15	0
252	16	0
252	17	0
252	18	0
252	19	0
252	20	0
252	21	0
252	22	1
252	23	2
252	24	3
252	25	0
252	26	0
252	27	0
252	28	0
252	29	0
252	30	0
252	31	0
252	32	0
252	33	0
252	34	1
252	35	2
252	36	2
252	37	0
252	38	0
252	39	0
252	40	0
252	41	0
252	42	0
252	43	0
252	44	0
252	45	0
252	46	1
252	47	2
252	48	1
252	49	0
252	50	0
252	51	0
252	52	0
252	53	0
252	54	0
252	55	0
252	56	0
252	57	0
252	58	1
252	59	2
252	60	3
253	1	0
253	2	0
253	3	0
253	4	0
253	5	0
253	6	0
253	7	0
253	8	1
253	9	1
253	10	1
253	11	1
253	12	1
253	13	0
253	14	0
253	15	0
253	16	0
253	17	0
253	18	1
253	19	0
253	20	0
253	21	1
253	22	1
253	23	1
253	24	0
253	25	0
253	26	0
253	27	0
253	28	0
253	29	0
253	30	0
253	31	0
253	32	0
253	33	1
253	34	1
253	35	1
253	36	0
253	37	0
253	38	0
253	39	0
253	40	0
253	41	0
253	42	0
253	43	0
253	44	0
253	45	1
253	46	1
253	47	1
253	48	1
253	49	0
253	50	0
253	51	0
253	52	0
253	53	0
253	54	1
253	55	0
253	56	0
253	57	1
253	58	1
253	59	1
253	60	0
254	1	0
254	2	0
254	3	0
254	4	0
254	5	0
254	6	0
254	7	0
254	8	0
254	9	0
254	10	0
254	11	0
254	12	0
254	13	0
254	14	0
254	15	0
254	16	0
254	17	0
254	18	0
254	19	0
254	20	0
254	21	0
254	22	0
254	23	0
254	24	0
254	25	0
254	26	0
254	27	0
254	28	0
254	29	0
254	30	0
254	31	0
254	32	0
254	33	0
254	34	0
254	35	0
254	36	0
254	37	0
254	38	0
254	39	0
254	40	0
254	41	0
254	42	0
254	43	0
254	44	0
254	45	0
254	46	0
254	47	0
254	48	0
254	49	0
254	50	0
254	51	0
254	52	0
254	53	0
254	54	0
254	55	0
254	56	0
254	57	0
254	58	0
254	59	0
254	60	0
255	1	0
255	2	0
255	3	0
255	4	0
255	5	0
255	6	0
255	7	0
255	8	0
255	9	0
255	10	0
255	11	0
255	12	0
255	13	0
255	14	0
255	15	0
255	16	0
255	17	0
255	18	0
255	19	0
255	20	0
255	21	0
255	22	0
255	23	1
255	24	0
255	25	0
255	26	0
255	27	0
255	28	0
255	29	0
255	30	0
255	31	0
255	32	0
255	33	0
255	34	1
255	35	0
255	36	0
255	37	0
255	38	0
255	39	0
255	40	0
255	41	0
255	42	0
255	43	0
255	44	0
255	45	1
255	46	1
255	47	1
255	48	0
255	49	0
255	50	0
255	51	0
255	52	0
255	53	0
255	54	0
255	55	0
255	56	0
255	57	1
255	58	1
255	59	1
255	60	0
257	1	0
257	2	0
257	3	0
257	4	0
257	5	0
257	6	0
257	7	1
257	8	1
257	9	1
257	10	1
257	11	2
257	12	2
257	13	0
257	14	0
257	15	0
257	16	0
257	17	0
257	18	0
257	19	1
257	20	1
257	21	1
257	22	1
257	23	2
257	24	2
257	25	0
257	26	0
257	27	0
257	28	0
257	29	0
257	30	0
257	31	1
257	32	1
257	33	1
257	34	2
257	35	2
257	36	1
257	37	0
257	38	0
257	39	0
257	40	1
257	41	0
257	42	1
257	43	2
257	44	1
257	45	1
257	46	1
257	47	2
257	48	1
257	49	0
257	50	0
257	51	1
257	52	0
257	53	0
257	54	0
257	55	1
257	56	1
257	57	1
257	58	2
257	59	1
257	60	1
259	1	0
259	2	0
259	3	1
259	4	1
259	5	0
259	6	1
259	7	2
259	8	2
259	9	1
259	10	2
259	11	2
259	12	2
259	13	0
259	14	0
259	15	1
259	16	1
259	17	0
259	18	1
259	19	2
259	20	1
259	21	1
259	22	2
259	23	2
259	24	2
259	25	0
259	26	0
259	27	1
259	28	1
259	29	1
259	30	1
259	31	2
259	32	2
259	33	1
259	34	2
259	35	2
259	36	2
259	37	0
259	38	0
259	39	1
259	40	1
259	41	0
259	42	1
259	43	1
259	44	2
259	45	1
259	46	2
259	47	3
259	48	2
259	49	0
259	50	0
259	51	1
259	52	1
259	53	0
259	54	1
259	55	2
259	56	2
259	57	1
259	58	2
259	59	2
259	60	2
260	1	0
260	2	0
260	3	0
260	4	0
260	5	0
260	6	1
260	7	1
260	8	2
260	9	1
260	10	1
260	11	1
260	12	1
260	13	0
260	14	0
260	15	0
260	16	0
260	17	0
260	18	0
260	19	1
260	20	1
260	21	1
260	22	2
260	23	1
260	24	1
260	25	0
260	26	0
260	27	0
260	28	0
260	29	0
260	30	1
260	31	1
260	32	2
260	33	1
260	34	1
260	35	1
260	36	1
260	37	0
260	38	0
260	39	0
260	40	0
260	41	0
260	42	0
260	43	1
260	44	1
260	45	1
260	46	1
260	47	2
260	48	2
260	49	0
260	50	0
260	51	0
260	52	0
260	53	0
260	54	1
260	55	1
260	56	1
260	57	1
260	58	1
260	59	1
260	60	2
261	1	0
261	2	0
261	3	1
261	4	2
261	5	1
261	6	1
261	7	2
261	8	2
261	9	1
261	10	2
261	11	2
261	12	2
261	13	0
261	14	0
261	15	0
261	16	2
261	17	0
261	18	0
261	19	1
261	20	1
261	21	1
261	22	1
261	23	2
261	24	1
261	25	0
261	26	0
261	27	1
261	28	0
261	29	0
261	30	0
261	31	1
261	32	1
261	33	0
261	34	1
261	35	1
261	36	3
261	37	0
261	38	0
261	39	1
261	40	1
261	41	0
261	42	0
261	43	1
261	44	1
261	45	1
261	46	1
261	47	1
261	48	2
261	49	0
261	50	0
261	51	0
261	52	0
261	53	0
261	54	1
261	55	1
261	56	1
261	57	1
261	58	1
261	59	1
261	60	1
263	1	0
263	2	0
263	3	0
263	4	0
263	5	0
263	6	0
263	7	0
263	8	0
263	9	0
263	10	0
263	11	1
263	12	1
263	13	0
263	14	0
263	15	0
263	16	0
263	17	0
263	18	0
263	19	0
263	20	0
263	21	0
263	22	0
263	23	0
263	24	1
263	25	0
263	26	0
263	27	0
263	28	0
263	29	0
263	30	0
263	31	0
263	32	0
263	33	0
263	34	0
263	35	0
263	36	1
263	37	0
263	38	0
263	39	0
263	40	0
263	41	0
263	42	1
263	43	1
263	44	0
263	45	1
263	46	0
263	47	0
263	48	0
263	49	0
263	50	0
263	51	0
263	52	0
263	53	0
263	54	0
263	55	0
263	56	0
263	57	0
263	58	0
263	59	0
263	60	0
264	1	0
264	2	0
264	3	0
264	4	0
264	5	0
264	6	0
264	7	1
264	8	0
264	9	0
264	10	1
264	11	1
264	12	1
264	13	0
264	14	0
264	15	0
264	16	0
264	17	0
264	18	0
264	19	1
264	20	1
264	21	1
264	22	1
264	23	1
264	24	1
264	25	0
264	26	0
264	27	0
264	28	0
264	29	0
264	30	1
264	31	1
264	32	1
264	33	1
264	34	1
264	35	1
264	36	1
264	37	0
264	38	0
264	39	0
264	40	0
264	41	0
264	42	0
264	43	1
264	44	1
264	45	1
264	46	1
264	47	1
264	48	1
264	49	0
264	50	0
264	51	0
264	52	0
264	53	0
264	54	0
264	55	1
264	56	0
264	57	1
264	58	1
264	59	1
264	60	1
265	1	0
265	2	0
265	3	0
265	4	0
265	5	0
265	6	0
265	7	1
265	8	0
265	9	1
265	10	1
265	11	1
265	12	1
265	13	0
265	14	0
265	15	0
265	16	0
265	17	0
265	18	1
265	19	1
265	20	1
265	21	1
265	22	1
265	23	1
265	24	1
265	25	0
265	26	0
265	27	0
265	28	0
265	29	0
265	30	1
265	31	1
265	32	0
265	33	1
265	34	1
265	35	1
265	36	1
265	37	0
265	38	0
265	39	0
265	40	0
265	41	0
265	42	0
265	43	0
265	44	0
265	45	1
265	46	1
265	47	1
265	48	1
265	49	0
265	50	0
265	51	0
265	52	0
265	53	0
265	54	0
265	55	0
265	56	0
265	57	1
265	58	1
265	59	1
265	60	1
267	1	0
267	2	0
267	3	0
267	4	0
267	5	0
267	6	0
267	7	1
267	8	1
267	9	0
267	10	1
267	11	1
267	12	1
267	13	0
267	14	0
267	15	0
267	16	0
267	17	0
267	18	0
267	19	0
267	20	1
267	21	0
267	22	0
267	23	1
267	24	1
267	25	0
267	26	0
267	27	0
267	28	0
267	29	0
267	30	1
267	31	1
267	32	0
267	33	0
267	34	1
267	35	1
267	36	1
267	37	0
267	38	0
267	39	0
267	40	0
267	41	0
267	42	0
267	43	1
267	44	0
267	45	1
267	46	1
267	47	1
267	48	1
267	49	0
267	50	0
267	51	0
267	52	0
267	53	0
267	54	0
267	55	0
267	56	0
267	57	0
267	58	1
267	59	1
267	60	0
268	1	0
268	2	0
268	3	0
268	4	0
268	5	0
268	6	0
268	7	0
268	8	0
268	9	1
268	10	1
268	11	1
268	12	0
268	13	0
268	14	0
268	15	0
268	16	0
268	17	0
268	18	0
268	19	0
268	20	0
268	21	0
268	22	0
268	23	0
268	24	0
268	25	0
268	26	0
268	27	0
268	28	0
268	29	0
268	30	1
268	31	0
268	32	0
268	33	1
268	34	1
268	35	1
268	36	1
268	37	0
268	38	0
268	39	0
268	40	0
268	41	0
268	42	0
268	43	0
268	44	0
268	45	0
268	46	1
268	47	1
268	48	1
268	49	0
268	50	0
268	51	0
268	52	0
268	53	0
268	54	1
268	55	0
268	56	0
268	57	1
268	58	1
268	59	1
268	60	1
269	1	0
269	2	0
269	3	0
269	4	0
269	5	0
269	6	0
269	7	0
269	8	0
269	9	0
269	10	0
269	11	0
269	12	0
269	13	0
269	14	0
269	15	0
269	16	0
269	17	0
269	18	0
269	19	0
269	20	0
269	21	0
269	22	0
269	23	0
269	24	0
269	25	0
269	26	0
269	27	0
269	28	0
269	29	0
269	30	0
269	31	0
269	32	0
269	33	1
269	34	0
269	35	0
269	36	0
269	37	0
269	38	0
269	39	0
269	40	0
269	41	0
269	42	0
269	43	0
269	44	0
269	45	1
269	46	1
269	47	1
269	48	0
269	49	0
269	50	0
269	51	0
269	52	0
269	53	0
269	54	0
269	55	0
269	56	0
269	57	1
269	58	1
269	59	1
269	60	1
270	1	0
270	2	0
270	3	2
270	4	1
270	5	0
270	6	2
270	7	3
270	8	4
270	9	1
270	10	2
270	11	6
270	12	2
270	13	0
270	14	0
270	15	1
270	16	2
270	17	1
270	18	2
270	19	3
270	20	3
270	21	1
270	22	2
270	23	3
270	24	3
270	25	0
270	26	0
270	27	1
270	28	1
270	29	1
270	30	1
270	31	3
270	32	2
270	33	1
270	34	2
270	35	3
270	36	4
270	37	0
270	38	0
270	39	1
270	40	2
270	41	2
270	42	1
270	43	2
270	44	3
270	45	1
270	46	1
270	47	2
270	48	5
270	49	0
270	50	0
270	51	1
270	52	1
270	53	0
270	54	1
270	55	3
270	56	2
270	57	1
270	58	2
270	59	4
270	60	4
271	1	0
271	2	0
271	3	1
271	4	1
271	5	1
271	6	1
271	7	2
271	8	3
271	9	1
271	10	1
271	11	2
271	12	2
271	13	0
271	14	0
271	15	0
271	16	0
271	17	0
271	18	1
271	19	2
271	20	2
271	21	1
271	22	1
271	23	2
271	24	3
271	25	0
271	26	0
271	27	1
271	28	2
271	29	0
271	30	1
271	31	2
271	32	3
271	33	1
271	34	1
271	35	4
271	36	6
271	37	0
271	38	0
271	39	1
271	40	1
271	41	0
271	42	0
271	43	2
271	44	1
271	45	1
271	46	1
271	47	3
271	48	3
271	49	0
271	50	0
271	51	0
271	52	0
271	53	0
271	54	0
271	55	2
271	56	1
271	57	1
271	58	0
271	59	3
271	60	4
272	1	0
272	2	0
272	3	0
272	4	0
272	5	0
272	6	0
272	7	0
272	8	0
272	9	0
272	10	0
272	11	1
272	12	0
272	13	0
272	14	0
272	15	0
272	16	0
272	17	0
272	18	0
272	19	0
272	20	0
272	21	0
272	22	1
272	23	0
272	24	0
272	25	0
272	26	0
272	27	0
272	28	0
272	29	0
272	30	0
272	31	0
272	32	0
272	33	0
272	34	0
272	35	0
272	36	0
272	37	0
272	38	0
272	39	0
272	40	0
272	41	1
272	42	0
272	43	0
272	44	0
272	45	0
272	46	0
272	47	1
272	48	0
272	49	0
273	1	0
273	2	0
273	3	0
273	4	0
273	5	0
273	6	0
273	7	0
273	8	0
273	9	1
273	10	1
273	11	0
273	12	0
273	13	0
273	14	0
273	15	0
273	16	0
273	17	0
273	18	0
273	19	0
273	20	0
273	21	1
273	22	1
273	23	1
273	24	0
273	25	0
273	26	0
273	27	0
273	28	0
273	29	0
273	30	0
273	31	0
273	32	0
273	33	1
273	34	1
273	35	1
273	36	0
273	37	0
273	38	0
273	39	0
273	40	0
273	41	0
273	42	0
273	43	0
273	44	0
273	45	1
273	46	1
273	47	1
273	48	0
273	49	0
273	50	0
273	51	0
273	52	0
273	53	0
273	54	0
273	55	0
273	56	0
273	57	1
273	58	0
273	59	0
273	60	0
274	1	0
274	2	0
274	3	0
274	4	1
274	5	0
274	6	0
274	7	2
274	8	1
274	9	1
274	10	2
274	11	3
274	12	3
274	13	0
274	14	0
274	15	0
274	16	1
274	17	0
274	18	0
274	19	2
274	20	2
274	21	1
274	22	1
274	23	3
274	24	3
274	25	0
274	26	0
274	27	0
274	28	0
274	29	0
274	30	0
274	31	1
274	32	2
274	33	1
274	34	1
274	35	2
274	36	2
274	37	0
274	38	0
274	39	0
274	40	0
274	41	0
274	42	0
274	43	1
274	44	2
274	45	1
274	46	1
274	47	2
274	48	2
274	49	0
274	50	0
274	51	1
274	52	1
274	53	0
274	54	1
274	55	2
274	56	2
274	57	0
274	58	1
274	59	3
274	60	3
275	1	0
275	2	0
275	3	0
275	4	1
275	5	0
275	6	1
275	7	1
275	8	1
275	9	1
275	10	1
275	11	1
275	12	1
275	13	0
275	14	0
275	15	0
275	16	1
275	17	0
275	18	1
275	19	1
275	20	1
275	21	1
275	22	1
275	23	1
275	24	1
275	25	0
275	26	0
275	27	0
275	28	0
275	29	0
275	30	1
275	31	1
275	32	1
275	33	1
275	34	1
275	35	1
275	36	1
275	37	0
275	38	0
275	39	1
275	40	0
275	41	0
275	42	0
275	43	1
275	44	1
275	45	1
275	46	1
275	47	1
275	48	1
275	49	0
275	50	0
275	51	0
275	52	1
275	53	0
275	54	0
275	55	1
275	56	1
275	57	1
275	58	1
275	59	1
275	60	1
277	1	0
277	2	0
277	3	0
277	4	0
277	5	0
277	6	0
277	7	1
277	8	0
277	9	0
277	10	0
277	11	2
277	12	1
277	13	0
277	14	0
277	15	0
277	16	0
277	17	0
277	18	1
277	19	1
277	20	0
277	21	0
277	22	1
277	23	2
277	24	1
277	25	0
277	26	0
277	27	0
277	28	1
277	29	0
277	30	0
277	31	2
277	32	1
277	33	0
277	34	1
277	35	2
277	36	2
277	37	0
277	38	0
277	39	0
277	40	0
277	41	0
277	42	0
277	43	1
277	44	1
277	45	1
277	46	1
277	47	1
277	48	3
277	49	0
277	50	0
277	51	0
277	52	0
277	53	0
277	54	0
277	55	1
277	56	1
277	57	0
277	58	2
277	59	1
277	60	2
278	1	0
278	2	0
278	3	1
278	4	0
278	5	0
278	6	1
278	7	2
278	8	3
278	9	0
278	10	2
278	11	3
278	12	4
278	13	0
278	14	0
278	15	0
278	16	1
278	17	0
278	18	0
278	19	1
278	20	2
278	21	1
278	22	2
278	23	2
278	24	2
278	25	0
278	26	0
278	27	1
278	28	0
278	29	0
278	30	0
278	31	2
278	32	1
278	33	0
278	34	1
278	35	1
278	36	2
278	37	0
278	38	0
278	39	1
278	40	0
278	41	0
278	42	0
278	43	2
278	44	1
278	45	1
278	46	1
278	47	2
278	48	1
278	49	0
278	50	0
278	51	0
278	52	0
278	53	0
278	54	0
278	55	1
278	56	0
278	57	0
278	58	1
278	59	2
278	60	1
279	1	0
279	2	0
279	3	1
279	4	2
279	5	0
279	6	0
279	7	2
279	8	3
279	9	1
279	10	1
279	11	2
279	12	3
279	13	0
279	14	0
279	15	1
279	16	1
279	17	1
279	18	1
279	19	3
279	20	1
279	21	1
279	22	1
279	23	2
279	24	2
279	25	0
279	26	0
279	27	0
279	28	1
279	29	0
279	30	0
279	31	1
279	32	2
279	33	0
279	34	1
279	35	2
279	36	2
279	37	0
279	38	0
279	39	1
279	40	1
279	41	0
279	42	0
279	43	1
279	44	2
279	45	1
279	46	1
279	47	2
279	48	2
279	49	0
279	50	0
279	51	0
279	52	1
279	53	0
279	54	1
279	55	2
279	56	2
279	57	1
279	58	1
279	59	2
279	60	0
280	1	0
280	2	0
280	3	0
280	4	0
280	5	0
280	6	1
280	7	0
280	8	0
280	9	1
280	10	1
280	11	1
280	12	1
280	13	0
280	14	0
280	15	0
280	16	0
280	17	0
280	18	0
280	19	0
280	20	0
280	21	1
280	22	1
280	23	1
280	24	0
280	25	0
280	26	0
280	27	0
280	28	0
280	29	0
280	30	0
280	31	0
280	32	0
280	33	1
280	34	1
280	35	1
280	36	0
280	37	0
280	38	0
280	39	0
280	40	0
280	41	0
280	42	0
280	43	0
280	44	0
280	45	1
280	46	1
280	47	1
280	48	0
280	49	0
280	50	0
280	51	0
280	52	0
280	53	0
280	54	0
280	55	0
280	56	0
280	57	1
280	58	1
280	59	0
280	60	0
281	1	0
281	2	0
281	3	2
281	4	2
281	5	0
281	6	1
281	7	3
281	8	2
281	9	1
281	10	2
281	11	4
281	12	2
281	13	0
281	14	0
281	15	1
281	16	1
281	17	1
281	18	1
281	19	1
281	20	2
281	21	1
281	22	2
281	23	3
281	24	2
281	25	0
281	26	0
281	27	1
281	28	1
281	29	0
281	30	1
281	31	1
281	32	1
281	33	1
281	34	1
281	35	2
281	36	2
281	37	0
281	38	0
281	39	1
281	40	0
281	41	1
281	42	1
281	43	1
281	44	1
281	45	1
281	46	1
281	47	2
281	48	1
281	49	0
281	50	0
281	51	1
281	52	0
281	53	0
281	54	0
281	55	2
281	56	1
281	57	1
281	58	1
281	59	2
281	60	1
282	1	0
282	2	0
282	3	1
282	4	1
282	5	0
282	6	1
282	7	1
282	8	2
282	9	1
282	10	1
282	11	2
282	12	1
282	13	0
282	14	0
282	15	0
282	16	0
282	17	0
282	18	0
282	19	1
282	20	1
282	21	1
282	22	1
282	23	1
282	24	1
282	25	0
282	26	0
282	27	0
282	28	0
282	29	0
282	30	1
282	31	1
282	32	1
282	33	1
282	34	1
282	35	1
282	36	1
282	37	0
282	38	0
282	39	0
282	40	0
282	41	0
282	42	0
282	43	1
282	44	0
282	45	1
282	46	1
282	47	1
282	48	1
282	49	0
282	50	0
282	51	0
282	52	0
282	53	0
282	54	0
282	55	1
282	56	0
282	57	1
282	58	1
282	59	1
282	60	1
283	1	0
283	2	0
283	3	0
283	4	0
283	5	0
283	6	0
283	7	1
283	8	1
283	9	1
283	10	1
283	11	1
283	12	1
283	13	0
283	14	0
283	15	0
283	16	0
283	17	0
283	18	0
283	19	1
283	20	0
283	21	1
283	22	1
283	23	1
283	24	1
283	25	0
283	26	0
283	27	0
283	28	0
283	29	0
283	30	0
283	31	0
283	32	0
283	33	0
283	34	1
283	35	1
283	36	1
283	37	0
283	38	0
283	39	0
283	40	0
283	41	0
283	42	0
283	43	1
283	44	0
283	45	1
283	46	1
283	47	1
283	48	1
283	49	0
283	50	0
283	51	0
283	52	0
283	53	0
283	54	1
283	55	1
283	56	1
283	57	1
283	58	1
283	59	1
283	60	1
284	1	0
284	2	0
284	3	0
284	4	0
284	5	0
284	6	0
284	7	0
284	8	0
284	9	1
284	10	1
284	11	1
284	12	0
284	13	0
284	14	0
284	15	0
284	16	0
284	17	0
284	18	0
284	19	0
284	20	0
284	21	0
284	22	0
284	23	1
284	24	0
284	25	0
284	26	0
284	27	0
284	28	0
284	29	0
284	30	0
284	31	0
284	32	0
284	33	0
284	34	1
284	35	1
284	36	1
284	37	0
284	38	0
284	39	0
284	40	0
284	41	0
284	42	1
284	43	1
284	44	0
284	45	1
284	46	1
284	47	0
284	48	0
284	49	0
284	50	0
284	51	0
284	52	0
284	53	0
284	54	0
284	55	0
284	56	0
284	57	1
284	58	1
284	59	1
284	60	1
285	1	0
285	2	0
285	3	0
285	4	0
285	5	0
285	6	0
285	7	0
285	8	0
285	9	1
285	10	1
285	11	1
285	12	1
285	13	0
285	14	0
285	15	0
285	16	0
285	17	1
285	18	0
285	19	0
285	20	0
285	21	1
285	22	1
285	23	1
285	24	0
285	25	0
285	26	0
285	27	0
285	28	0
285	29	0
285	30	0
285	31	0
285	32	0
285	33	0
285	34	0
285	35	0
285	36	0
285	37	0
285	38	0
285	39	0
285	40	0
285	41	0
285	42	0
285	43	0
285	44	0
285	45	1
285	46	0
285	47	0
285	48	0
285	49	0
285	50	0
285	51	0
285	52	0
285	53	0
285	54	0
285	55	0
285	56	0
285	57	1
285	58	0
285	59	0
285	60	0
286	1	0
286	2	0
286	3	0
286	4	0
286	5	0
286	6	0
286	7	0
286	8	0
286	9	0
286	10	1
286	11	0
286	12	0
286	13	0
286	14	0
286	15	0
286	16	0
286	17	0
286	18	0
286	19	0
286	20	0
286	21	0
286	22	1
286	23	1
286	24	0
286	25	0
286	26	0
286	27	0
286	28	0
286	29	0
286	30	0
286	31	0
286	32	0
286	33	1
286	34	0
286	35	0
286	36	0
286	37	0
286	38	0
286	39	0
286	40	0
286	41	0
286	42	0
286	43	0
286	44	0
286	45	1
286	46	1
286	47	0
286	48	0
286	49	0
286	50	0
286	51	0
286	52	0
286	53	0
286	54	0
286	55	0
286	56	0
286	57	0
286	58	1
286	59	0
286	60	0
287	1	0
287	2	0
287	3	0
287	4	0
287	5	0
287	6	0
287	7	1
287	8	0
287	9	1
287	10	1
287	11	1
287	12	1
287	13	0
287	14	0
287	15	0
287	16	0
287	17	0
287	18	0
287	19	0
287	20	0
287	21	0
287	22	1
287	23	1
287	24	1
287	25	0
287	26	0
287	27	0
287	28	0
287	29	0
287	30	1
287	31	0
287	32	0
287	33	1
287	34	1
287	35	1
287	36	1
287	37	0
287	38	0
287	39	0
287	40	0
287	41	0
287	42	0
287	43	1
287	44	0
287	45	0
287	46	1
287	47	0
287	48	0
287	49	0
287	50	0
287	51	0
287	52	0
287	53	0
287	54	1
287	55	0
287	56	0
287	57	1
287	58	1
287	59	1
287	60	1
288	1	0
288	2	0
288	3	1
288	4	1
288	5	0
288	6	1
288	7	1
288	8	1
288	9	1
288	10	1
288	11	1
288	12	1
288	13	0
288	14	1
288	15	0
288	16	0
288	17	1
288	18	1
288	19	1
288	20	1
288	21	1
288	22	1
288	23	1
288	24	1
288	25	0
288	26	0
288	27	0
288	28	0
288	29	0
288	30	1
288	31	1
288	32	1
288	33	1
288	34	1
288	35	1
288	36	1
288	37	0
288	38	0
288	39	0
288	40	0
288	41	0
288	42	1
288	43	1
288	44	1
288	45	1
288	46	1
288	47	1
288	48	1
288	49	0
288	50	0
288	51	0
288	52	0
288	53	0
288	54	1
288	55	1
288	56	1
288	57	1
288	58	1
288	59	1
288	60	1
289	1	0
289	2	0
289	3	0
289	4	0
289	5	0
289	6	0
289	7	0
289	8	0
289	9	1
289	10	1
289	11	1
289	12	1
289	13	0
289	14	0
289	15	0
289	16	0
289	17	0
289	18	0
289	19	0
289	20	0
289	21	1
289	22	0
289	23	1
289	24	0
289	25	0
289	26	0
289	27	0
289	28	0
289	29	0
289	30	0
289	31	0
289	32	0
289	33	1
289	34	1
289	35	1
289	36	0
289	37	0
289	38	0
289	39	0
289	40	0
289	41	0
289	42	0
289	43	0
289	44	0
289	45	1
289	46	1
289	47	1
289	48	0
289	49	0
289	50	0
289	51	0
289	52	0
289	53	0
289	54	0
289	55	0
289	56	0
289	57	1
289	58	1
289	59	0
289	60	0
290	1	0
290	2	0
290	3	0
290	4	0
290	5	0
290	6	0
290	7	1
290	8	1
290	9	0
290	10	1
290	11	1
290	12	1
290	13	0
290	14	0
290	15	0
290	16	0
290	17	0
290	18	0
290	19	2
290	20	1
290	21	0
290	22	1
290	23	1
290	24	1
290	25	0
290	26	0
290	27	0
290	28	0
290	29	0
290	30	0
290	31	1
290	32	0
290	33	0
290	34	1
290	35	2
290	36	1
290	37	0
290	38	0
290	39	0
290	40	0
290	41	0
290	42	0
290	43	1
290	44	0
290	45	0
290	46	0
290	47	1
290	48	2
290	49	0
290	50	0
290	51	0
290	52	0
290	53	0
290	54	0
290	55	1
290	56	1
290	57	0
290	58	1
290	59	1
290	60	1
291	1	0
291	2	0
291	3	0
291	4	0
291	5	0
291	6	0
291	7	0
291	8	0
291	9	0
291	10	0
291	11	0
291	12	0
291	13	0
291	14	0
291	15	0
291	16	0
291	17	0
291	18	0
291	19	0
291	20	0
291	21	0
291	22	0
291	23	0
291	24	0
291	25	0
291	26	0
291	27	0
291	28	0
291	29	0
291	30	0
291	31	0
291	32	0
291	33	0
291	34	0
291	35	0
291	36	0
291	37	0
291	38	0
291	39	0
291	40	0
291	41	0
291	42	0
291	43	0
291	44	0
291	45	0
291	46	0
291	47	0
291	48	0
291	49	0
291	50	0
291	51	0
291	52	0
291	53	0
291	54	0
291	55	0
291	56	0
291	57	0
291	58	0
291	59	0
291	60	0
292	1	0
292	2	1
292	3	0
292	4	0
292	5	0
292	6	0
292	7	1
292	8	1
292	9	1
292	10	1
292	11	1
292	12	1
292	13	0
292	14	0
292	15	0
292	16	0
292	17	0
292	18	1
292	19	1
292	20	1
292	21	1
292	22	1
292	23	1
292	24	1
292	25	0
292	26	0
292	27	0
292	28	0
292	29	0
292	30	1
292	31	1
292	32	1
292	33	1
292	34	1
292	35	1
292	36	1
292	37	0
292	38	0
292	39	0
292	40	0
292	41	1
292	42	1
292	43	1
292	44	1
292	45	1
292	46	1
292	47	1
292	48	1
292	49	0
292	50	0
292	51	0
292	52	0
292	53	1
292	54	1
292	55	1
292	56	1
292	57	1
292	58	1
292	59	1
292	60	1
293	1	0
293	2	0
293	3	1
293	4	1
293	5	0
293	6	0
293	7	1
293	8	2
293	9	0
293	10	2
293	11	2
293	12	3
293	13	0
293	14	0
293	15	0
293	16	0
293	17	0
293	18	0
293	19	1
293	20	2
293	21	0
293	22	1
293	23	3
293	24	2
293	25	0
293	26	0
293	27	0
293	28	0
293	29	0
293	30	0
293	31	1
293	32	1
293	33	0
293	34	0
293	35	2
293	36	2
293	37	0
293	38	0
293	39	0
293	40	0
293	41	0
293	42	0
293	43	2
293	44	1
293	45	0
293	46	1
293	47	2
293	48	1
293	49	0
293	50	0
293	51	0
293	52	0
293	53	0
293	54	0
293	55	1
293	56	1
293	57	0
293	58	1
293	59	2
293	60	3
294	1	0
294	2	0
294	3	0
294	4	0
294	5	0
294	6	0
294	7	0
294	8	0
294	9	0
294	10	0
294	11	0
294	12	0
294	13	0
294	14	0
294	15	0
294	16	0
294	17	0
294	18	0
294	19	0
294	20	0
294	21	0
294	22	0
294	23	0
294	24	0
294	25	0
294	26	0
294	27	0
294	28	0
294	29	0
294	30	0
294	31	0
294	32	0
294	33	0
294	34	0
294	35	0
294	36	0
294	37	0
294	38	0
294	39	0
294	40	0
294	41	0
294	42	0
294	43	0
294	44	0
294	45	0
294	46	0
294	47	0
294	48	0
294	49	0
294	50	0
294	51	0
294	52	0
294	53	0
294	54	0
294	55	0
294	56	0
294	57	1
294	58	1
294	59	1
294	60	0
295	1	0
295	2	0
295	3	0
295	4	0
295	5	0
295	6	0
295	7	0
295	8	0
295	9	0
295	10	1
295	11	0
295	12	0
295	13	0
295	14	0
295	15	0
295	16	0
295	17	0
295	18	0
295	19	0
295	20	0
295	21	0
295	22	1
295	23	1
295	24	0
295	25	0
295	26	0
295	27	0
295	28	0
295	29	0
295	30	0
295	31	0
295	32	0
295	33	0
295	34	1
295	35	0
295	36	0
295	37	0
295	38	0
295	39	0
295	40	0
295	41	0
295	42	0
295	43	0
295	44	0
295	45	0
295	46	1
295	47	0
295	48	0
295	49	0
295	50	0
295	51	0
295	52	0
295	53	0
295	54	0
295	55	0
295	56	0
295	57	0
295	58	1
295	59	0
295	60	0
296	1	0
296	2	0
296	3	0
296	4	0
296	5	0
296	6	0
296	7	0
296	8	0
296	9	0
296	10	1
296	11	1
296	12	1
296	13	0
296	14	0
296	15	0
296	16	0
296	17	1
296	18	0
296	19	0
296	20	0
296	21	1
296	22	1
296	23	1
296	24	1
296	25	0
296	26	0
296	27	0
296	28	0
296	29	0
296	30	0
296	31	1
296	32	0
296	33	1
296	34	1
296	35	2
296	36	1
296	37	0
296	38	0
296	39	0
296	40	0
296	41	0
296	42	0
296	43	0
296	44	0
296	45	1
296	46	2
296	47	2
296	48	1
296	49	0
296	50	0
296	51	0
296	52	0
296	53	0
296	54	0
296	55	0
296	56	0
296	57	0
296	58	1
296	59	1
296	60	0
297	1	0
297	2	0
297	3	0
297	4	0
297	5	0
297	6	0
297	7	0
297	8	1
297	9	0
297	10	1
297	11	1
297	12	1
297	13	0
297	14	0
297	15	0
297	16	0
297	17	0
297	18	0
297	19	1
297	20	0
297	21	1
297	22	1
297	23	1
297	24	1
297	25	0
297	26	0
297	27	0
297	28	0
297	29	0
297	30	0
297	31	1
297	32	0
297	33	1
297	34	1
297	35	1
297	36	1
297	37	0
297	38	0
297	39	0
297	40	0
297	41	0
297	42	1
297	43	1
297	44	1
297	45	1
297	46	1
297	47	1
297	48	1
297	49	0
297	50	0
297	51	0
297	52	0
297	53	0
297	54	0
297	55	1
297	56	1
297	57	1
297	58	1
297	59	1
297	60	1
298	1	0
298	2	0
298	3	0
298	4	0
298	5	0
298	6	0
298	7	0
298	8	0
298	9	1
298	10	1
298	11	1
298	12	0
298	13	0
298	14	0
298	15	0
298	16	0
298	17	0
298	18	0
298	19	0
298	20	0
298	21	1
298	22	1
298	23	1
298	24	1
298	25	0
298	26	0
298	27	0
298	28	0
298	29	0
298	30	0
298	31	0
298	32	0
298	33	1
298	34	1
298	35	1
298	36	0
298	37	0
298	38	0
298	39	0
298	40	0
298	41	0
298	42	0
298	43	0
298	44	0
298	45	1
298	46	1
298	47	1
298	48	1
298	49	0
298	50	0
298	51	0
298	52	0
298	53	0
298	54	0
298	55	0
298	56	0
298	57	0
298	58	0
298	59	1
298	60	1
299	1	0
299	2	0
299	3	0
299	4	0
299	5	0
299	6	1
299	7	1
299	8	1
299	9	1
299	10	1
299	11	1
299	12	1
299	13	0
299	14	0
299	15	0
299	16	0
299	17	0
299	18	1
299	19	1
299	20	1
299	21	1
299	22	1
299	23	1
299	24	1
299	25	0
299	26	0
299	27	0
299	28	0
299	29	1
299	30	1
299	31	1
299	32	1
299	33	1
299	34	1
299	35	1
299	36	1
299	37	0
299	38	1
299	39	0
299	40	1
299	41	1
299	42	0
299	43	1
299	44	1
299	45	1
299	46	1
299	47	1
299	48	1
299	49	0
299	50	0
299	51	0
299	52	0
299	53	1
299	54	1
299	55	1
299	56	1
299	57	1
299	58	1
299	59	1
299	60	1
300	1	0
300	2	0
300	3	0
300	4	0
300	5	0
300	6	0
300	7	0
300	8	0
300	9	0
300	10	0
300	11	1
300	12	1
300	13	0
300	14	0
300	15	0
300	16	0
300	17	0
300	18	0
300	19	0
300	20	0
300	21	1
300	22	1
300	23	1
300	24	1
300	25	0
300	26	0
300	27	0
300	28	0
300	29	0
300	30	0
300	31	0
300	32	0
300	33	0
300	34	1
300	35	0
300	36	1
300	37	0
300	38	0
300	39	0
300	40	0
300	41	0
300	42	0
300	43	1
300	44	0
300	45	1
300	46	1
300	47	1
300	48	1
300	49	0
300	50	0
300	51	0
300	52	0
300	53	0
300	54	0
300	55	0
300	56	0
300	57	0
300	58	1
300	59	1
300	60	1
301	1	0
301	2	0
301	3	1
301	4	1
301	5	1
301	6	1
301	7	1
301	8	1
301	9	1
301	10	1
301	11	2
301	12	2
301	13	0
301	14	0
301	15	1
301	16	1
301	17	1
301	18	1
301	19	1
301	20	1
301	21	1
301	22	1
301	23	2
301	24	1
301	25	0
301	26	1
301	27	2
301	28	1
301	29	1
301	30	1
301	31	1
301	32	1
301	33	1
301	34	1
301	35	1
301	36	1
301	37	0
301	38	0
301	39	1
301	40	1
301	41	1
301	42	1
301	43	1
301	44	1
301	45	1
301	46	1
301	47	1
301	48	1
301	49	0
301	50	1
301	51	1
301	52	1
301	53	1
301	54	1
301	55	1
301	56	1
301	57	1
301	58	1
301	59	1
301	60	1
302	1	0
302	2	0
302	3	0
302	4	0
302	5	0
302	6	1
302	7	1
302	8	0
302	9	1
302	10	1
302	11	1
302	12	1
302	13	0
302	14	0
302	15	0
302	16	0
302	17	0
302	18	0
302	19	1
302	20	0
302	21	1
302	22	1
302	23	1
302	24	1
302	25	0
302	26	0
302	27	0
302	28	0
302	29	1
302	30	1
302	31	0
302	32	0
302	33	0
302	34	0
302	35	1
302	36	0
302	37	0
302	38	0
302	39	0
302	40	0
302	41	0
302	42	1
302	43	0
302	44	0
302	45	1
302	46	1
302	47	1
302	48	1
302	49	0
302	50	0
302	51	0
302	52	0
302	53	0
302	54	1
302	55	0
302	56	0
302	57	1
302	58	1
302	59	1
302	60	1
303	1	0
303	2	0
303	3	0
303	4	0
303	5	0
303	6	1
303	7	1
303	8	0
303	9	1
303	10	1
303	11	1
303	12	1
303	13	0
303	14	0
303	15	0
303	16	0
303	17	0
303	18	1
303	19	1
303	20	1
303	21	1
303	22	1
303	23	1
303	24	1
303	25	0
303	26	0
303	27	0
303	28	0
303	29	0
303	30	1
303	31	1
303	32	1
303	33	1
303	34	1
303	35	1
303	36	1
303	37	0
303	38	0
303	39	0
303	40	0
303	41	1
303	42	0
303	43	1
303	44	1
303	45	1
303	46	1
303	47	1
303	48	1
303	49	0
303	50	0
303	51	0
303	52	0
303	53	0
303	54	1
303	55	1
303	56	1
303	57	1
303	58	1
303	59	1
303	60	1
304	1	0
304	2	0
304	3	1
304	4	1
304	5	0
304	6	0
304	7	2
304	8	2
304	9	0
304	10	0
304	11	3
304	12	6
304	13	0
304	14	0
304	15	0
304	16	1
304	17	0
304	18	1
304	19	1
304	20	2
304	21	1
304	22	2
304	23	2
304	24	2
304	25	0
304	26	0
304	27	0
304	28	0
304	29	0
304	30	0
304	31	0
304	32	1
304	33	0
304	34	0
304	35	1
304	36	1
304	37	0
304	38	0
304	39	0
304	40	0
304	41	0
304	42	0
304	43	0
304	44	0
304	45	0
304	46	0
304	47	1
304	48	1
304	49	0
304	50	0
304	51	0
304	52	0
304	53	0
304	54	0
304	55	0
304	56	0
304	57	0
304	58	0
304	59	1
304	60	1
305	1	0
305	2	0
305	3	0
305	4	0
305	5	0
305	6	1
305	7	1
305	8	1
305	9	1
305	10	1
305	11	1
305	12	1
305	13	0
305	14	0
305	15	0
305	16	0
305	17	0
305	18	0
305	19	1
305	20	1
305	21	0
305	22	1
305	23	1
305	24	1
305	25	0
305	26	0
305	27	0
305	28	0
305	29	0
305	30	0
305	31	1
305	32	1
305	33	1
305	34	1
305	35	1
305	36	1
305	37	0
305	38	0
305	39	0
305	40	0
305	41	1
305	42	1
305	43	1
305	44	1
305	45	1
305	46	1
305	47	1
305	48	0
305	49	0
305	50	0
305	51	0
305	52	0
305	53	0
305	54	1
305	55	0
305	56	1
305	57	0
305	58	0
305	59	0
305	60	0
306	1	0
306	2	0
306	3	0
306	4	0
306	5	0
306	6	0
306	7	1
306	8	1
306	9	0
306	10	1
306	11	1
306	12	1
306	13	0
306	14	0
306	15	0
306	16	0
306	17	1
306	18	1
306	19	1
306	20	1
306	21	1
306	22	1
306	23	2
306	24	1
306	25	0
306	26	0
306	27	0
306	28	0
306	29	0
306	30	0
306	31	1
306	32	1
306	33	1
306	34	1
306	35	1
306	36	1
306	37	0
306	38	0
306	39	0
306	40	0
306	41	0
306	42	1
306	43	1
306	44	0
306	45	1
306	46	1
306	47	1
306	48	1
306	49	0
306	50	0
306	51	0
306	52	0
306	53	0
306	54	0
306	55	1
306	56	1
306	57	1
306	58	1
306	59	1
306	60	2
307	1	0
307	2	0
307	3	0
307	4	0
307	5	0
307	6	1
307	7	0
307	8	0
307	9	0
307	10	1
307	11	1
307	12	0
307	13	0
307	14	0
307	15	0
307	16	0
307	17	0
307	18	0
307	19	0
307	20	0
307	21	1
307	22	1
307	23	1
307	24	1
307	25	0
307	26	0
307	27	0
307	28	0
307	29	0
307	30	0
307	31	0
307	32	0
307	33	1
307	34	1
307	35	1
307	36	1
307	37	0
307	38	0
307	39	0
307	40	0
307	41	0
307	42	1
307	43	0
307	44	0
307	45	0
307	46	1
307	47	1
307	48	0
307	49	0
307	50	0
307	51	0
307	52	0
307	53	0
307	54	0
307	55	0
307	56	0
307	57	0
307	58	1
307	59	1
307	60	0
308	1	0
308	2	0
308	3	0
308	4	0
308	5	0
308	6	0
308	7	0
308	8	0
308	9	0
308	10	1
308	11	0
308	12	0
308	13	0
308	14	0
308	15	0
308	16	0
308	17	0
308	18	0
308	19	0
308	20	0
308	21	1
308	22	1
308	23	0
308	24	0
308	25	0
308	26	0
308	27	0
308	28	0
308	29	0
308	30	0
308	31	0
308	32	0
308	33	0
308	34	1
308	35	0
308	36	0
308	37	0
308	38	0
308	39	0
308	40	0
308	41	0
308	42	0
308	43	0
308	44	0
308	45	0
308	46	0
308	47	0
308	48	0
308	49	0
308	50	0
308	51	0
308	52	0
308	53	0
308	54	0
308	55	0
308	56	0
308	57	0
308	58	1
308	59	0
308	60	0
309	1	0
309	2	0
309	3	0
309	4	0
309	5	0
309	6	0
309	7	0
309	8	0
309	9	0
309	10	0
309	11	0
309	12	0
309	13	0
309	14	0
309	15	0
309	16	0
309	17	0
309	18	0
309	19	0
309	20	0
309	21	0
309	22	0
309	23	0
309	24	0
309	25	0
309	26	0
309	27	0
309	28	0
309	29	0
309	30	0
309	31	0
309	32	0
309	33	0
309	34	0
309	35	0
309	36	0
309	37	0
309	38	0
309	39	0
309	40	0
309	41	0
309	42	0
309	43	0
309	44	0
309	45	1
309	46	0
309	47	0
309	48	0
309	49	0
309	50	0
309	51	0
309	52	0
309	53	0
309	54	0
309	55	0
309	56	0
309	57	0
309	58	0
309	59	0
309	60	0
310	1	0
310	2	0
310	3	1
310	4	1
310	5	1
310	6	2
310	7	3
310	8	3
310	9	2
310	10	4
310	11	4
310	12	5
310	13	0
310	14	1
310	15	1
310	16	1
310	17	1
310	18	1
310	19	2
310	20	4
310	21	2
310	22	3
310	23	3
310	24	3
310	25	0
310	26	0
310	27	1
310	28	1
310	29	1
310	30	1
310	31	1
310	32	2
310	33	2
310	34	3
310	35	5
310	36	3
310	37	0
310	38	0
310	39	1
310	40	1
310	41	1
310	42	1
310	43	2
310	44	2
310	45	1
310	46	2
310	47	3
310	48	3
310	49	0
310	50	0
310	51	1
310	52	1
310	53	1
310	54	1
310	55	1
310	56	1
310	57	2
310	58	2
310	59	3
310	60	2
312	1	0
312	2	0
312	3	0
312	4	0
312	5	0
312	6	0
312	7	0
312	8	0
312	9	0
312	10	0
312	11	0
312	12	0
312	13	0
312	14	0
312	15	0
312	16	0
312	17	0
312	18	0
312	19	0
312	20	0
312	21	0
312	22	0
312	23	0
312	24	0
312	25	0
312	26	0
312	27	0
312	28	0
312	29	0
312	30	0
312	31	0
312	32	0
312	33	1
312	34	1
312	35	1
312	36	0
312	37	0
312	38	0
312	39	0
312	40	0
312	41	0
312	42	0
312	43	0
312	44	0
312	45	1
312	46	1
312	47	1
312	48	0
312	49	0
312	50	0
312	51	0
312	52	0
312	53	0
312	54	0
312	55	0
312	56	0
312	57	0
312	58	1
312	59	1
312	60	0
313	1	0
313	2	0
313	3	0
313	4	0
313	5	0
313	6	0
313	7	0
313	8	0
313	9	1
313	10	1
313	11	1
313	12	0
313	13	0
313	14	0
313	15	0
313	16	0
313	17	1
313	18	0
313	19	0
313	20	0
313	21	1
313	22	1
313	23	1
313	24	0
313	25	0
313	26	0
313	27	0
313	28	0
313	29	0
313	30	0
313	31	0
313	32	0
313	33	0
313	34	1
313	35	0
313	36	0
313	37	0
313	38	0
313	39	0
313	40	0
313	41	0
313	42	0
313	43	0
313	44	0
313	45	1
313	46	1
313	47	1
313	48	0
313	49	0
313	50	0
313	51	0
313	52	0
313	53	0
313	54	0
313	55	0
313	56	0
313	57	0
313	58	1
313	59	0
313	60	0
314	1	0
314	2	0
314	3	0
314	4	0
314	5	0
314	6	0
314	7	0
314	8	0
314	9	0
314	10	0
314	11	0
314	12	0
314	13	0
314	14	0
314	15	0
314	16	0
314	17	0
314	18	0
314	19	0
314	20	0
314	21	0
314	22	0
314	23	0
314	24	0
314	25	0
314	26	0
314	27	0
314	28	0
314	29	0
314	30	0
314	31	0
314	32	0
314	33	0
314	34	0
314	35	0
314	36	0
314	37	0
314	38	0
314	39	0
314	40	0
314	41	0
314	42	0
314	43	0
314	44	0
314	45	0
314	46	0
314	47	0
314	48	0
314	49	0
314	50	0
314	51	0
314	52	0
314	53	0
314	54	0
314	55	0
314	56	0
314	57	0
314	58	0
314	59	0
314	60	0
315	1	0
315	2	0
315	3	0
315	4	0
315	5	0
315	6	0
315	7	0
315	8	0
315	9	0
315	10	0
315	11	0
315	12	0
315	13	0
315	14	0
315	15	0
315	16	0
315	17	0
315	18	0
315	19	0
315	20	0
315	21	0
315	22	0
315	23	0
315	24	0
315	25	0
315	26	0
315	27	0
315	28	0
315	29	0
315	30	0
315	31	0
315	32	0
315	33	1
315	34	1
315	35	0
315	36	0
315	37	0
315	38	0
315	39	0
315	40	0
315	41	0
315	42	0
315	43	0
315	44	0
315	45	1
315	46	0
315	47	0
315	48	0
315	49	0
315	50	0
315	51	0
315	52	0
315	53	0
315	54	0
315	55	0
315	56	0
315	57	1
315	58	1
315	59	1
315	60	0
316	1	0
316	2	0
316	3	0
316	4	0
316	5	0
316	6	0
316	7	1
316	8	1
316	9	1
316	10	1
316	11	2
316	12	1
316	13	0
316	14	0
316	15	0
316	16	0
316	17	0
316	18	0
316	19	0
316	20	0
316	21	0
316	22	1
316	23	1
316	24	2
316	25	0
316	26	0
316	27	0
316	28	0
316	29	0
316	30	0
316	31	0
316	32	0
316	33	1
316	34	1
316	35	1
316	36	1
316	37	0
316	38	0
316	39	0
316	40	0
316	41	0
316	42	0
316	43	0
316	44	0
316	45	0
316	46	1
316	47	1
316	48	1
316	49	0
316	50	0
316	51	0
316	52	0
316	53	0
316	54	0
316	55	0
316	56	4
316	57	0
316	58	1
316	59	1
316	60	1